9.812358 -0.000000 0.019696 -0.000000 10.287476 0.000000 0.019696 0.000000 9.460413 
9.931967 0.000000 0.205256 0.000000 9.459317 -0.000000 0.205256 -0.000000 10.168985 
10.013642 0.310591 0.115579 0.310591 9.666420 0.179325 0.115579 0.179325 9.880191 
10.013700 0.310498 0.115657 0.310498 9.666291 0.179338 0.115657 0.179338 9.880263 
9.547878 -0.000129 -0.153365 -0.000129 10.287479 -0.000076 -0.153365 -0.000076 9.724895 
10.013725 -0.310523 0.115635 -0.310523 9.666283 -0.179287 0.115635 -0.179287 9.880214 
9.931895 0.000000 0.205218 0.000000 9.459313 0.000000 0.205218 0.000000 10.169035 
9.666361 0.358609 0.000000 0.358609 10.080446 0.000000 0.000000 0.000000 9.813465 
10.287480 0.000000 0.000000 0.000000 9.459315 -0.000000 0.000000 -0.000000 9.813460 
9.931866 -0.000065 0.205200 -0.000065 9.459315 -0.000112 0.205200 -0.000112 10.169072 
9.931883 -0.000050 0.205214 -0.000050 9.459310 -0.000087 0.205214 -0.000087 10.169033 
10.287480 0.000000 0.000000 0.000000 9.459315 -0.000000 0.000000 -0.000000 9.813460 
9.666356 0.358606 -0.000020 0.358606 10.080438 0.000050 -0.000020 0.000050 9.813458 
9.931846 0.000000 0.205188 0.000000 9.459315 -0.000000 0.205188 -0.000000 10.169095 
9.814611 -0.007951 -0.022632 -0.007951 9.489676 0.155438 -0.022632 0.155438 10.255950 
10.280872 0.033807 0.049327 0.033807 9.460711 0.003568 0.049327 0.003568 9.818662 
9.823619 0.078260 -0.047714 0.078260 9.699163 -0.367399 -0.047714 -0.367399 10.037464 
10.104856 0.028325 0.229686 0.028325 9.460885 0.022326 0.229686 0.022326 9.994490 
10.008069 0.253089 0.155110 0.253089 9.615091 0.201715 0.155110 0.201715 9.937077 
9.504980 0.159044 -0.062243 0.159044 10.254355 0.032089 -0.062243 0.032089 9.800894 
9.743287 -0.071091 -0.133676 -0.071091 10.258175 -0.135447 -0.133676 -0.135447 9.558764 
9.822520 0.225678 0.013894 0.225678 9.902969 0.345916 0.013894 0.345916 9.834756 
9.815739 -0.021277 0.029078 -0.021277 9.560911 -0.270860 0.029078 -0.270860 10.183589 
10.242712 -0.077034 0.125872 -0.077034 9.467171 -0.022589 0.125872 -0.022589 9.850369 
9.829559 -0.024395 0.083911 -0.024395 9.480058 -0.127101 0.083911 -0.127101 10.250621 
9.739248 -0.018589 -0.143615 -0.018589 10.285483 -0.035977 -0.143615 -0.035977 9.535500 
9.577389 -0.206579 -0.108681 -0.206579 10.219442 -0.095099 -0.108681 -0.095099 9.763428 
9.844194 0.412883 -0.000872 0.412883 9.902562 -0.011745 -0.000872 -0.011745 9.813477 
9.687053 0.245829 -0.101701 0.245829 10.141567 0.197783 -0.101701 0.197783 9.731639 
10.025405 0.380799 -0.026742 0.380799 9.718002 -0.048042 -0.026742 -0.048042 9.816829 
10.034662 -0.120260 0.218925 -0.120260 9.495460 -0.119020 0.218925 -0.119020 10.030126 
9.554312 0.034269 -0.155299 0.034269 10.285542 0.020537 -0.155299 0.020537 9.720388 
9.810375 0.035266 -0.026068 0.035266 10.157524 0.299133 -0.026068 0.299133 9.592319 
9.748010 -0.095411 -0.123955 -0.095411 10.233547 -0.180703 -0.123955 -0.180703 9.578696 
9.823785 -0.052989 0.058422 -0.052989 9.592605 -0.299687 0.058422 -0.299687 10.143849 
10.273462 0.070826 0.059913 0.070826 9.465519 0.009224 0.059913 0.009224 9.821256 
9.643512 0.262716 -0.095725 0.262716 10.157182 0.147987 -0.095725 0.147987 9.759528 
9.740977 -0.245497 -0.075968 -0.245497 10.085431 -0.257348 -0.075968 -0.257348 9.733813 
9.621990 -0.132969 -0.155111 -0.132969 10.250453 -0.107724 -0.155111 -0.107724 9.687788 
9.765391 -0.239764 0.057621 -0.239764 10.050477 0.287437 0.057621 0.287437 9.744385 
9.518945 0.106876 -0.113169 0.106876 10.271338 0.041068 -0.113169 0.041068 9.769974 
9.476692 -0.004035 0.076458 -0.004035 10.287451 0.000916 0.076458 0.000916 9.796096 
9.486129 -0.137273 -0.032212 -0.137273 10.263811 -0.013509 -0.032212 -0.013509 9.810276 
9.963445 0.078620 0.212458 0.078620 9.482395 0.111365 0.212458 0.111365 10.114400 
9.702891 -0.267183 -0.086304 -0.267183 10.111265 -0.208553 -0.086304 -0.208553 9.746093 
9.621007 -0.046269 -0.173808 -0.046269 10.282751 -0.041786 -0.173808 -0.041786 9.656480 
9.829137 -0.063530 0.072027 -0.063530 9.586689 -0.291935 0.072027 -0.291935 10.144437 
9.813514 -0.010512 -0.002443 -0.010512 9.837469 0.412384 -0.002443 0.412384 9.909250 
9.601985 0.312420 -0.006401 0.312420 10.144976 0.009460 -0.006401 0.009460 9.813250 
10.058399 0.233351 0.169106 0.233351 9.571638 0.161101 0.169106 0.161101 9.930204 
9.821669 -0.011594 0.061251 -0.011594 9.468594 -0.086410 0.061251 -0.086410 10.269969 
9.471683 0.038924 -0.059837 0.038924 10.285597 0.006814 -0.059837 0.006814 9.802989 
9.948771 -0.333131 0.085085 -0.333131 9.744505 -0.209459 0.085085 -0.209459 9.866949 
9.812495 0.047686 -0.007869 0.047686 9.998949 0.391691 -0.007869 0.391691 9.748788 
10.032281 -0.141200 0.212073 -0.141200 9.508974 -0.136840 0.212073 -0.136840 10.018974 
10.176705 0.031234 0.199197 0.031234 9.460848 0.017128 0.199197 0.017128 9.922691 
10.250170 -0.029673 0.125647 -0.029673 9.460465 -0.008537 0.125647 -0.008537 9.849604 
9.915221 -0.248629 0.115560 -0.248629 9.700335 -0.282305 0.115560 -0.282305 9.944659 
9.824737 -0.062207 0.058346 -0.062207 9.620264 -0.321743 0.058346 -0.321743 10.115241 
9.679237 -0.241819 -0.105544 -0.241819 10.150522 -0.190182 -0.105544 -0.190182 9.730430 
9.784245 -0.361449 0.014357 -0.361449 9.969601 0.177657 0.014357 0.177657 9.806399 
9.642128 -0.180542 0.138333 -0.180542 10.216356 0.145767 0.138333 0.145767 9.701771 
9.774285 -0.019671 0.110330 -0.019671 10.283271 0.055407 0.110330 0.055407 9.502674 
9.990732 0.397088 0.001480 0.397088 9.756039 0.003315 0.001480 0.003315 9.813464 
9.522091 -0.136039 -0.103543 -0.136039 10.261482 -0.048344 -0.103543 -0.048344 9.776656 
9.833786 0.207741 0.035011 0.207741 9.852715 0.357598 0.035011 0.357598 9.873719 
9.626909 -0.031956 -0.175583 -0.031956 10.285142 -0.030074 -0.175583 -0.030074 9.648191 
9.591628 0.027991 -0.170343 0.027991 10.285951 0.021496 -0.170343 0.021496 9.682632 
9.812326 -0.314969 -0.000942 -0.314969 9.935254 -0.261597 -0.000942 -0.261597 9.812676 
10.122822 -0.087187 -0.215964 -0.087187 9.473195 0.060864 -0.215964 0.060864 9.964210 
9.690313 0.280704 -0.082828 0.280704 10.112188 0.188802 -0.082828 0.188802 9.757743 
10.188845 0.258426 0.048780 0.258426 9.551600 0.033579 0.048780 0.033579 9.819791 
9.759494 -0.119970 0.105368 -0.119970 10.193051 0.234279 0.105368 0.234279 9.607690 
9.804443 0.092181 -0.034308 0.092181 10.072940 0.350921 -0.034308 0.350921 9.682857 
9.906223 -0.091456 0.175513 -0.091456 9.508490 -0.173039 0.175513 -0.173039 10.145541 
10.045562 0.130931 0.216136 0.130931 9.499955 0.121921 0.216136 0.121921 10.014714 
10.076862 0.153634 0.206396 0.153634 9.508196 0.120380 0.206396 0.120380 9.975171 
10.150047 0.272122 -0.093747 0.272122 9.570625 -0.075791 -0.093747 -0.075791 9.839563 
10.249180 -0.104539 0.102521 -0.104539 9.473481 -0.024596 0.102521 -0.024596 9.837576 
9.752048 -0.011296 -0.133877 -0.011296 10.286595 -0.024625 -0.133877 -0.024625 9.521616 
9.752026 -0.011291 -0.133884 -0.011291 10.286581 -0.024613 -0.133884 -0.024613 9.521620 
10.104372 -0.212548 0.171816 -0.212548 9.540934 -0.125529 0.171816 -0.125529 9.914925 
10.104362 -0.212567 0.171810 -0.212567 9.540951 -0.125541 0.171810 -0.125541 9.914921 
10.265054 -0.114914 0.051774 -0.114914 9.475795 -0.013174 0.051774 -0.013174 9.819391 
9.587334 0.227516 -0.100618 0.227516 10.204223 0.101242 -0.100618 0.101242 9.768683 
9.664458 0.006530 -0.174780 0.006530 10.287352 0.007661 -0.174780 0.007661 9.608433 
9.664449 0.006516 -0.174782 0.006516 10.287351 0.007647 -0.174782 0.007647 9.608441 
10.057746 0.313993 0.107647 0.313993 9.641601 0.138361 0.107647 0.138361 9.860888 
9.803387 0.344473 -0.006355 0.344473 9.947405 0.217534 -0.006355 0.217534 9.809440 
9.751864 -0.128396 -0.110401 -0.128396 10.192805 -0.230123 -0.110401 -0.230123 9.615584 
10.216161 0.176949 0.107344 0.176949 9.502007 0.047165 0.107344 0.047165 9.842066 
9.853309 -0.015204 0.131035 -0.015204 9.462625 -0.049993 0.131035 -0.049993 10.244317 
8.994819 0.098743 0.000000 0.098743 8.389721 -0.000000 0.000000 -0.000000 8.848765 
9.356743 0.181675 0.000000 0.181675 9.404277 -0.000000 0.000000 -0.000000 9.090847 
9.095657 0.135694 0.000000 0.135694 8.929895 0.000000 0.000000 0.000000 8.948238 
10.099141 -0.389255 -0.000000 -0.389255 10.115513 0.000000 -0.000000 0.000000 9.519974 
8.785660 -0.170482 -0.000000 -0.170482 9.012639 0.000000 -0.000000 0.000000 9.013203 
8.996370 0.172513 0.000000 0.172513 8.372818 0.000000 0.000000 0.000000 8.782657 
8.996370 0.172513 0.000000 0.172513 8.372818 0.000000 0.000000 0.000000 8.782657 
9.356197 -0.296080 -0.000000 -0.296080 9.439186 -0.000000 -0.000000 -0.000000 9.253650 
10.775583 -0.137942 0.000000 -0.137942 10.244897 -0.000000 0.000000 -0.000000 9.601705 
9.434427 0.115065 0.000000 0.115065 8.377886 -0.000000 0.000000 -0.000000 8.942344 
7.965184 0.036209 0.000000 0.036209 8.344265 -0.000000 0.000000 -0.000000 8.609695 
8.978546 -0.003073 -0.000000 -0.003073 8.887750 -0.000000 -0.000000 -0.000000 8.971656 
9.957006 -0.854490 0.000000 -0.854490 11.847026 -0.000000 0.000000 -0.000000 9.764535 
11.773261 -0.496644 0.000000 -0.496644 11.757449 0.000000 0.000000 0.000000 10.083617 
11.482183 -0.522041 -0.000000 -0.522041 10.629965 0.000000 -0.000000 0.000000 9.902823 
8.235875 -0.501448 -0.000000 -0.501448 10.154380 0.000000 -0.000000 0.000000 9.051020 
11.033600 0.133996 -0.000000 0.133996 8.638923 -0.000000 -0.000000 -0.000000 9.314918 
8.100085 0.057723 0.000000 0.057723 8.177381 -0.000000 0.000000 -0.000000 8.662399 
10.076586 -0.579296 -0.000000 -0.579296 11.233717 0.000000 -0.000000 0.000000 9.687850 
11.485616 -0.865754 -0.000000 -0.865754 11.216978 0.000000 -0.000000 0.000000 10.043444 
14.228696 -1.143780 0.000000 -1.143780 11.492361 -0.000000 0.000000 -0.000000 10.866348 
12.275309 -0.425524 0.000000 -0.425524 12.359721 0.000000 0.000000 0.000000 10.250461 
10.768596 -0.303267 -0.000000 -0.303267 10.894796 -0.000000 -0.000000 -0.000000 9.739656 
9.596141 -0.076297 -0.000000 -0.076297 9.196970 -0.000000 -0.000000 -0.000000 9.191066 
10.025919 -0.113163 0.000000 -0.113163 9.746140 -0.000000 0.000000 -0.000000 9.370994 
9.792134 0.092210 0.000000 0.092210 8.609604 0.000000 0.000000 0.000000 9.054062 
8.633185 -0.769718 -0.000000 -0.769718 10.602803 0.000000 -0.000000 0.000000 9.242325 
9.916619 -0.037755 -0.000000 -0.037755 9.013176 0.000000 -0.000000 0.000000 9.238673 
11.135520 -2.171004 0.000000 -2.171004 15.774575 0.000000 0.000000 0.000000 10.498661 
9.109394 -0.039108 -0.000000 -0.039108 8.753450 0.000000 -0.000000 0.000000 9.039941 
10.824939 -0.067039 0.000000 -0.067039 9.869039 0.000000 0.000000 0.000000 9.526804 
12.503470 -0.738107 -0.000000 -0.738107 11.292287 0.000000 -0.000000 0.000000 10.211477 
8.755494 0.125638 0.000000 0.125638 8.844708 -0.000000 0.000000 -0.000000 8.861479 
11.991621 0.095830 -0.000000 0.095830 9.118319 0.000000 -0.000000 0.000000 9.653315 
8.424552 0.139750 0.000000 0.139750 9.017669 0.000000 0.000000 0.000000 8.817645 
10.339364 -0.747094 0.000000 -0.747094 10.803508 -0.000000 0.000000 -0.000000 9.725590 
8.458772 0.140675 -0.000000 0.140675 7.993031 -0.000000 -0.000000 -0.000000 8.640219 
14.135296 -1.062197 -0.000000 -1.062197 12.619184 0.000000 -0.000000 0.000000 10.670597 
8.601801 0.167763 0.000000 0.167763 8.584810 0.000000 0.000000 0.000000 8.755533 
11.656103 -0.365042 0.000000 -0.365042 14.363974 -0.000000 0.000000 -0.000000 10.435303 
10.828073 -0.467596 -0.000000 -0.467596 10.255595 0.000000 -0.000000 0.000000 9.725743 
13.136739 -0.622345 -0.000000 -0.622345 13.758715 0.000000 -0.000000 0.000000 10.618010 
9.258052 -0.052093 0.000000 -0.052093 9.787653 0.000000 0.000000 0.000000 9.199106 
7.547643 0.002078 -0.000000 0.002078 9.052341 -0.000000 -0.000000 -0.000000 8.617982 
9.329553 0.043781 -0.000000 0.043781 8.667526 0.000000 -0.000000 0.000000 9.004602 
8.317959 -0.042318 0.000000 -0.042318 8.508851 -0.000000 0.000000 -0.000000 8.781117 
11.095171 -0.391076 -0.000000 -0.391076 11.885890 -0.000000 -0.000000 -0.000000 9.965985 
8.793961 0.131716 0.000000 0.131716 8.164736 0.000000 0.000000 0.000000 8.743375 
9.103018 -0.096641 -0.000000 -0.096641 9.135243 -0.000000 -0.000000 -0.000000 9.075206 
10.020715 0.101289 -0.000000 0.101289 8.706159 0.000000 -0.000000 0.000000 9.097372 
10.256404 -0.276878 -0.000000 -0.276878 10.997736 0.000000 -0.000000 0.000000 9.650284 
10.934102 -0.306611 -0.000000 -0.306611 11.182441 -0.000000 -0.000000 -0.000000 9.815900 
11.375939 -0.885294 0.000000 -0.885294 11.073880 -0.000000 0.000000 -0.000000 10.018249 
11.267790 0.127823 -0.000000 0.127823 8.251703 -0.000000 -0.000000 -0.000000 9.177830 
11.471451 -0.621947 0.000000 -0.621947 11.767704 0.000000 0.000000 0.000000 10.049631 
13.128958 -0.293372 -0.000000 -0.293372 10.190782 0.000000 -0.000000 0.000000 10.128698 
14.750917 -0.467076 0.000000 -0.467076 10.753418 -0.000000 0.000000 -0.000000 10.466686 
9.935819 0.064697 -0.000000 0.064697 10.246684 0.000000 -0.000000 0.000000 9.401109 
10.677099 -0.527188 -0.000000 -0.527188 11.884171 -0.000000 -0.000000 -0.000000 9.899508 
10.490608 -0.466208 0.000000 -0.466208 10.853254 0.000000 0.000000 0.000000 9.709508 
9.598528 -0.031328 -0.000000 -0.031328 11.101766 -0.000000 -0.000000 -0.000000 9.497619 
8.141504 0.179878 -0.000000 0.179878 7.691148 -0.000000 -0.000000 -0.000000 8.485665 
11.226255 0.080408 0.000000 0.080408 10.824778 0.000000 0.000000 0.000000 9.745334 
11.903823 -0.403912 -0.000000 -0.403912 11.099186 -0.000000 -0.000000 -0.000000 9.994307 
10.086240 -1.190971 0.000000 -1.190971 14.224856 -0.000000 0.000000 -0.000000 10.097018 
10.618870 -0.664586 0.000000 -0.664586 11.056466 -0.000000 0.000000 -0.000000 9.798755 
11.911109 -0.564123 -0.000000 -0.564123 10.620414 0.000000 -0.000000 0.000000 10.011376 
8.950943 -0.038331 -0.000000 -0.038331 8.701562 0.000000 -0.000000 0.000000 8.990227 
9.124964 0.064170 0.000000 0.064170 9.227925 0.000000 0.000000 0.000000 9.038401 
11.548142 -0.106475 -0.000000 -0.106475 9.826585 -0.000000 -0.000000 -0.000000 9.659854 
13.500422 -0.051865 -0.000000 -0.051865 9.849828 0.000000 -0.000000 0.000000 10.137427 
11.503651 -0.095773 -0.000000 -0.095773 9.559299 -0.000000 -0.000000 -0.000000 9.625271 
10.174266 -1.305823 -0.000000 -1.305823 12.600892 0.000000 -0.000000 0.000000 9.924101 
8.821856 -0.155588 -0.000000 -0.155588 10.253223 0.000000 -0.000000 0.000000 9.192497 
9.498084 -0.679600 0.000000 -0.679600 10.454536 -0.000000 0.000000 -0.000000 9.466591 
11.138242 -0.151712 -0.000000 -0.151712 10.452132 0.000000 -0.000000 0.000000 9.704278 
9.895956 0.019215 0.000000 0.019215 8.830554 -0.000000 0.000000 -0.000000 9.185171 
13.652731 -1.095606 -0.000000 -1.095606 11.333851 -0.000000 -0.000000 -0.000000 10.710558 
10.185861 0.171373 0.000000 0.171373 11.096011 -0.000000 0.000000 -0.000000 9.594882 
9.058558 -0.085632 0.000000 -0.085632 13.647627 0.000000 0.000000 0.000000 9.750049 
10.303276 -0.444428 0.000000 -0.444428 9.898344 -0.000000 0.000000 -0.000000 9.592628 
11.698446 0.091864 0.000000 0.091864 8.767937 -0.000000 0.000000 -0.000000 9.414834 
9.986933 -0.078522 0.000000 -0.078522 10.040951 0.000000 0.000000 0.000000 9.402328 
12.677869 -1.052379 -0.000000 -1.052379 11.273575 0.000000 -0.000000 0.000000 10.383207 
8.134464 0.190612 -0.000000 0.190612 8.061305 0.000000 -0.000000 0.000000 8.517206 
12.501986 -0.295082 0.000000 -0.295082 10.106365 0.000000 0.000000 0.000000 9.999324 
8.872926 -0.227654 0.000000 -0.227654 9.299485 0.000000 0.000000 0.000000 9.081131 
12.195636 0.005872 0.000000 0.005872 12.693396 0.000000 0.000000 0.000000 10.253597 
8.948009 0.122999 0.000000 0.122999 9.613923 0.000000 0.000000 0.000000 9.061490 
9.230560 -0.195158 -0.000000 -0.195158 10.794033 0.000000 -0.000000 0.000000 9.382879 
11.758301 0.104414 -0.000000 0.104414 9.376802 -0.000000 -0.000000 -0.000000 9.495607 
10.482611 -0.138153 0.000000 -0.138153 10.673680 0.000000 0.000000 0.000000 9.619565 
12.144392 -0.064382 0.000000 -0.064382 9.504575 -0.000000 0.000000 -0.000000 9.717598 
9.261217 -0.433212 -0.000000 -0.433212 9.439162 -0.000000 -0.000000 -0.000000 9.299642 
11.087269 -0.186073 0.000000 -0.186073 10.428625 0.000000 0.000000 0.000000 9.699936 
9.691010 0.190347 -0.000000 0.190347 9.793014 -0.000000 -0.000000 -0.000000 9.238466 
13.890251 -0.809131 0.000000 -0.809131 11.222543 -0.000000 0.000000 -0.000000 10.519070 
13.540340 -0.140054 -0.000000 -0.140054 10.110479 0.000000 -0.000000 0.000000 10.008272 
12.911981 -1.033790 -0.000000 -1.033790 12.586514 -0.000000 -0.000000 -0.000000 10.467373 
9.396606 -0.352624 -0.000000 -0.352624 9.430667 0.000000 -0.000000 0.000000 9.300426 
12.919617 -0.954043 -0.000000 -0.954043 12.484887 0.000000 -0.000000 0.000000 10.444760 
11.598374 -1.211012 0.000000 -1.211012 11.918604 -0.000000 0.000000 -0.000000 10.181119 
10.997627 0.256381 -0.000000 0.256381 11.978909 0.000000 -0.000000 0.000000 9.900841 
13.082341 -1.022248 -0.000000 -1.022248 11.239243 0.000000 -0.000000 0.000000 10.488551 
9.784988 -0.006486 0.000000 -0.006486 8.868341 -0.000000 0.000000 -0.000000 9.196152 
11.157917 -0.098281 0.000000 -0.098281 9.455347 0.000000 0.000000 0.000000 9.567099 
12.202063 -0.683108 -0.000000 -0.683108 12.867004 -0.000000 -0.000000 -0.000000 10.339621 
9.725368 0.113296 0.000000 0.113296 10.833927 0.000000 0.000000 0.000000 9.460847 
10.479358 -0.169969 -0.000000 -0.169969 10.272980 0.000000 -0.000000 0.000000 9.558960 
11.030532 -1.493839 -0.000000 -1.493839 11.352076 0.000000 -0.000000 0.000000 10.025081 
11.279766 -0.206980 0.000000 -0.206980 9.851098 0.000000 0.000000 0.000000 9.672239 
7.818175 0.358550 0.000000 0.358550 10.069787 -0.000000 0.000000 -0.000000 8.831806 
11.560765 -0.912350 0.000000 -0.912350 10.879164 0.000000 0.000000 0.000000 10.077915 
10.511576 0.086581 -0.000000 0.086581 8.787740 0.000000 -0.000000 0.000000 9.306777 
9.953400 -0.383579 -0.000000 -0.383579 9.928065 -0.000000 -0.000000 -0.000000 9.468615 
13.777608 -0.131830 -0.000000 -0.131830 9.875954 -0.000000 -0.000000 -0.000000 10.029576 
11.141119 -0.322683 -0.000000 -0.322683 10.817584 -0.000000 -0.000000 -0.000000 9.801497 
10.237463 0.011710 0.000000 0.011710 9.659097 0.000000 0.000000 0.000000 9.357954 
10.990713 -0.218763 -0.000000 -0.218763 10.714649 0.000000 -0.000000 0.000000 9.736144 
10.127955 0.241108 0.000000 0.241108 9.661466 0.000000 0.000000 0.000000 9.279494 
11.676124 0.087396 -0.000000 0.087396 8.882705 0.000000 -0.000000 0.000000 9.473358 
11.580469 -1.528224 -0.000000 -1.528224 11.648222 -0.000000 -0.000000 -0.000000 10.195301 
10.872010 0.338775 0.000000 0.338775 11.078197 0.000000 0.000000 0.000000 9.702044 
11.629337 -0.212399 -0.000000 -0.212399 10.491799 -0.000000 -0.000000 -0.000000 9.810240 
9.860188 -0.084211 -0.000000 -0.084211 9.958688 -0.000000 -0.000000 -0.000000 9.363971 
14.572324 -0.424813 -0.000000 -0.424813 11.161573 -0.000000 -0.000000 -0.000000 10.403068 
12.746418 -0.962114 -0.000000 -0.962114 13.305458 -0.000000 -0.000000 -0.000000 10.518672 
12.977211 -0.708425 -0.000000 -0.708425 11.253844 0.000000 -0.000000 0.000000 10.283136 
9.451046 -0.103224 -0.000000 -0.103224 9.067754 0.000000 -0.000000 0.000000 9.277463 
8.959074 -0.077503 0.000000 -0.077503 9.415702 -0.000000 0.000000 -0.000000 9.074054 
12.260368 -0.592953 -0.000000 -0.592953 11.450877 -0.000000 -0.000000 -0.000000 10.143739 
13.149208 -0.404052 0.000000 -0.404052 10.589213 0.000000 0.000000 0.000000 10.147234 
9.962514 -0.115545 -0.000000 -0.115545 10.039541 -0.000000 -0.000000 -0.000000 9.405865 
12.756875 -0.131903 0.000000 -0.131903 10.659699 -0.000000 0.000000 -0.000000 9.992694 
9.766481 -0.243086 -0.000000 -0.243086 9.684245 -0.000000 -0.000000 -0.000000 9.351958 
11.789353 -1.110175 0.000000 -1.110175 12.338836 -0.000000 0.000000 -0.000000 10.246109 
8.240675 0.101837 -0.000000 0.101837 8.309884 0.000000 -0.000000 0.000000 8.646337 
9.390467 0.304126 -0.000000 0.304126 8.704745 -0.000000 -0.000000 -0.000000 8.859163 
9.465050 -0.193490 0.000000 -0.193490 9.448705 0.000000 0.000000 0.000000 9.237697 
9.813980 -0.053275 -0.000000 -0.053275 11.043632 -0.000000 -0.000000 -0.000000 9.536511 
9.994048 -0.223909 -0.000000 -0.223909 9.920389 0.000000 -0.000000 0.000000 9.423660 
13.893907 -0.082483 0.000000 -0.082483 9.704234 0.000000 0.000000 0.000000 9.978363 
8.698581 -0.009236 -0.000000 -0.009236 9.007508 -0.000000 -0.000000 -0.000000 8.924550 
10.092291 -0.656568 -0.000000 -0.656568 10.356356 0.000000 -0.000000 0.000000 9.612157 
10.393314 -0.465649 -0.000000 -0.465649 10.567393 -0.000000 -0.000000 -0.000000 9.653586 
9.005439 0.216048 0.000000 0.216048 9.413515 0.000000 0.000000 0.000000 9.012735 
8.577215 0.553524 0.000000 0.553524 9.620386 0.000000 0.000000 0.000000 8.902049 
11.119747 0.109511 0.000000 0.109511 8.300233 0.000000 0.000000 0.000000 9.157256 
10.958198 0.172732 0.000000 0.172732 10.506994 0.000000 0.000000 0.000000 9.622168 
9.055553 0.339253 0.000000 0.339253 9.456964 -0.000000 0.000000 -0.000000 9.006583 
9.624858 0.114526 0.000000 0.114526 8.617973 -0.000000 0.000000 -0.000000 9.139494 
11.337368 -1.459276 0.000000 -1.459276 11.590076 -0.000000 0.000000 -0.000000 10.124309 
11.414959 0.084635 -0.000000 0.084635 8.735333 -0.000000 -0.000000 -0.000000 9.332784 
11.500853 0.137049 0.000000 0.137049 8.521009 0.000000 0.000000 0.000000 9.319976 
9.895863 0.049337 0.000000 0.049337 10.293454 0.000000 0.000000 0.000000 9.404756 
13.134520 0.291403 0.000000 0.291403 12.328870 0.000000 0.000000 0.000000 10.324717 
12.994123 0.099739 -0.000000 0.099739 14.109103 0.000000 -0.000000 0.000000 10.611149 
9.135556 -0.876992 0.000000 -0.876992 9.959048 -0.000000 0.000000 -0.000000 9.326561 
13.108056 -0.676057 0.000000 -0.676057 11.250172 -0.000000 0.000000 -0.000000 10.292323 
12.691965 -0.491508 0.000000 -0.491508 11.808998 -0.000000 0.000000 -0.000000 10.242840 
11.645963 0.169048 -0.000000 0.169048 11.895238 -0.000000 -0.000000 -0.000000 10.008675 
11.245478 -0.487455 -0.000000 -0.487455 10.153439 0.000000 -0.000000 0.000000 9.869368 
13.023291 -0.327331 0.000000 -0.327331 10.604320 -0.000000 0.000000 -0.000000 10.085888 
13.871044 -0.520747 -0.000000 -0.520747 11.040140 0.000000 -0.000000 0.000000 10.334488 
10.721630 -0.262147 -0.000000 -0.262147 10.005835 -0.000000 -0.000000 -0.000000 9.599047 
11.134215 0.527613 0.000000 0.527613 11.720894 -0.000000 0.000000 -0.000000 9.857655 
10.892744 -0.434308 0.000000 -0.434308 10.518935 0.000000 0.000000 0.000000 9.744697 
8.917324 0.277989 -0.000000 0.277989 8.806195 -0.000000 -0.000000 -0.000000 8.833144 
9.572018 -0.122042 -0.000000 -0.122042 9.141046 -0.000000 -0.000000 -0.000000 9.213881 
11.115013 -0.301744 -0.000000 -0.301744 16.410722 0.000000 -0.000000 0.000000 10.599207 
11.427026 -0.079602 -0.000000 -0.079602 9.934135 -0.000000 -0.000000 -0.000000 9.644499 
10.729152 -0.103773 0.000000 -0.103773 9.391806 -0.000000 0.000000 -0.000000 9.480308 
12.423933 -0.459781 0.000000 -0.459781 11.591518 -0.000000 0.000000 -0.000000 10.162474 
14.007199 -1.403733 0.000000 -1.403733 12.112164 0.000000 0.000000 0.000000 10.729904 
10.340018 -1.315552 -0.000000 -1.315552 11.762303 0.000000 -0.000000 0.000000 9.872597 
9.482590 0.652043 0.000000 0.652043 10.543637 0.000000 0.000000 0.000000 9.288953 
14.686823 -1.545264 0.000000 -1.545264 12.646347 -0.000000 0.000000 -0.000000 10.879039 
11.065027 0.147414 0.000000 0.147414 9.175110 0.000000 0.000000 0.000000 9.327913 
10.023589 0.136754 0.000000 0.136754 8.114639 0.000000 0.000000 0.000000 8.911022 
11.290999 0.907498 -0.000000 0.907498 13.391789 0.000000 -0.000000 0.000000 10.159512 
10.970668 -0.805827 -0.000000 -0.805827 10.872200 -0.000000 -0.000000 -0.000000 9.894741 
10.352029 -0.573001 0.000000 -0.573001 10.515040 -0.000000 0.000000 -0.000000 9.665617 
9.826631 0.040238 0.000000 0.040238 10.037397 -0.000000 0.000000 -0.000000 9.344303 
12.742419 -0.216060 -0.000000 -0.216060 12.720933 -0.000000 -0.000000 -0.000000 10.364270 
12.448039 -0.213100 0.000000 -0.213100 9.929025 -0.000000 0.000000 -0.000000 9.989742 
10.076539 -0.267001 -0.000000 -0.267001 12.478865 0.000000 -0.000000 0.000000 9.839038 
10.953293 -0.187174 0.000000 -0.187174 12.152619 -0.000000 0.000000 -0.000000 9.960076 
10.144402 -0.395655 0.000000 -0.395655 9.690196 -0.000000 0.000000 -0.000000 9.563086 
9.324904 -0.191877 0.000000 -0.191877 10.341588 0.000000 0.000000 0.000000 9.332303 
8.996786 -0.415776 -0.000000 -0.415776 10.188892 -0.000000 -0.000000 -0.000000 9.264216 
9.939728 0.591944 -0.000000 0.591944 11.124314 -0.000000 -0.000000 -0.000000 9.507684 
14.778748 -0.401626 -0.000000 -0.401626 11.421257 -0.000000 -0.000000 -0.000000 10.462167 
13.058154 -1.212206 0.000000 -1.212206 12.442581 -0.000000 0.000000 -0.000000 10.509230 
10.495681 0.358576 0.000000 0.358576 10.114376 0.000000 0.000000 0.000000 9.427549 
9.814471 0.059848 -0.000000 0.059848 9.132136 -0.000000 -0.000000 -0.000000 9.161627 
12.125927 -0.486181 0.000000 -0.486181 10.396661 -0.000000 0.000000 -0.000000 10.038434 
9.236612 0.140221 0.000000 0.140221 9.399158 0.000000 0.000000 0.000000 9.075713 
14.566595 -1.437999 -0.000000 -1.437999 13.537179 -0.000000 -0.000000 -0.000000 10.890475 
13.527726 -0.600710 -0.000000 -0.600710 14.942005 -0.000000 -0.000000 -0.000000 10.849936 
13.714696 -1.235312 0.000000 -1.235312 12.699419 0.000000 0.000000 0.000000 10.646113 
11.209944 0.016718 0.000000 0.016718 9.542965 0.000000 0.000000 0.000000 9.500966 
9.611120 0.045695 0.000000 0.045695 10.836083 0.000000 0.000000 0.000000 9.445553 
12.032001 -0.613636 -0.000000 -0.613636 11.591575 0.000000 -0.000000 0.000000 10.126200 
10.969754 0.290753 -0.000000 0.290753 10.240437 0.000000 -0.000000 0.000000 9.548532 
14.030037 -1.626008 -0.000000 -1.626008 12.065412 0.000000 -0.000000 0.000000 10.819163 
12.693369 0.225607 0.000000 0.225607 12.791462 0.000000 0.000000 0.000000 10.339325 
10.220102 -0.274398 0.000000 -0.274398 10.084167 0.000000 0.000000 0.000000 9.508063 
10.797272 -0.122079 0.000000 -0.122079 10.938406 0.000000 0.000000 0.000000 9.721122 
9.910710 0.013162 -0.000000 0.013162 9.019414 0.000000 -0.000000 0.000000 9.188282 
11.365342 0.083289 0.000000 0.083289 9.001099 0.000000 0.000000 0.000000 9.365738 
10.846163 -0.557627 -0.000000 -0.557627 10.554179 0.000000 -0.000000 0.000000 9.776478 
10.314832 -0.614211 0.000000 -0.614211 10.113655 0.000000 0.000000 0.000000 9.663850 
10.119271 -0.030935 0.000000 -0.030935 9.025068 0.000000 0.000000 0.000000 9.290494 
13.162020 0.265163 -0.000000 0.265163 12.598172 -0.000000 -0.000000 -0.000000 10.378997 
10.611142 -0.416493 0.000000 -0.416493 10.026600 0.000000 0.000000 0.000000 9.649996 
11.406899 -0.139306 0.000000 -0.139306 11.148641 0.000000 0.000000 0.000000 9.868492 
8.657451 0.331060 0.000000 0.331060 9.138351 0.000000 0.000000 0.000000 8.849543 
15.181377 -1.010030 0.000000 -1.010030 11.563156 -0.000000 0.000000 -0.000000 10.973892 
10.223527 0.542852 -0.000000 0.542852 11.278843 -0.000000 -0.000000 -0.000000 9.599216 
11.580270 0.078194 0.000000 0.078194 11.327706 0.000000 0.000000 0.000000 9.901712 
9.176324 -0.204249 0.000000 -0.204249 14.394924 0.000000 0.000000 0.000000 9.880245 
8.779123 0.161713 0.000000 0.161713 7.313338 0.000000 0.000000 0.000000 8.440234 
10.593310 0.484115 0.000000 0.484115 10.149958 0.000000 0.000000 0.000000 9.433314 
9.562640 0.120218 0.000000 0.120218 8.387088 -0.000000 0.000000 -0.000000 8.958412 
11.450192 -0.250233 -0.000000 -0.250233 10.755419 0.000000 -0.000000 0.000000 9.830645 
9.184215 -0.663416 0.000000 -0.663416 14.252474 -0.000000 0.000000 -0.000000 9.866436 
12.963360 -0.803932 -0.000000 -0.803932 11.792267 -0.000000 -0.000000 -0.000000 10.348400 
12.354512 -2.392446 0.000000 -2.392446 15.736183 -0.000000 0.000000 -0.000000 10.767527 
9.986829 -0.937028 -0.000000 -0.937028 13.781760 -0.000000 -0.000000 -0.000000 10.019310 
12.205540 -0.107162 -0.000000 -0.107162 9.653724 -0.000000 -0.000000 -0.000000 9.767128 
12.839901 -0.249257 0.000000 -0.249257 10.463359 -0.000000 0.000000 -0.000000 10.008985 
8.390896 -0.091291 -0.000000 -0.091291 8.624481 0.000000 -0.000000 0.000000 8.840965 
10.365876 -0.144121 0.000000 -0.144121 15.055790 -0.000000 0.000000 -0.000000 10.257985 
9.593314 -0.519459 0.000000 -0.519459 11.331713 -0.000000 0.000000 -0.000000 9.582880 
13.114381 0.282248 -0.000000 0.282248 13.206610 -0.000000 -0.000000 -0.000000 10.476363 
8.577754 0.154322 0.000000 0.154322 7.969433 0.000000 0.000000 0.000000 8.667766 
12.172709 -0.543019 0.000000 -0.543019 14.265842 0.000000 0.000000 0.000000 10.523681 
15.394285 -0.161676 0.000000 -0.161676 10.433510 0.000000 0.000000 0.000000 10.302692 
10.670257 0.043072 0.000000 0.043072 9.669617 0.000000 0.000000 0.000000 9.427169 
10.293224 -0.573834 -0.000000 -0.573834 10.918850 0.000000 -0.000000 0.000000 9.695128 
13.097830 -0.034832 -0.000000 -0.034832 9.499843 -0.000000 -0.000000 -0.000000 9.856867 
11.041960 0.222358 0.000000 0.222358 8.062702 -0.000000 0.000000 -0.000000 9.118787 
12.545638 -0.005006 -0.000000 -0.005006 10.859860 -0.000000 -0.000000 -0.000000 9.976154 
9.337872 -0.008228 0.000000 -0.008228 8.935945 -0.000000 0.000000 -0.000000 9.065864 
12.682477 -0.476257 -0.000000 -0.476257 11.820638 -0.000000 -0.000000 -0.000000 10.240534 
7.945272 -0.103415 -0.000000 -0.103415 9.406125 0.000000 -0.000000 0.000000 8.812273 
8.211023 -0.134442 0.000000 -0.134442 10.617096 -0.000000 0.000000 -0.000000 9.085913 
8.911215 -0.062641 -0.000000 -0.062641 9.275536 0.000000 -0.000000 0.000000 9.036035 
12.827504 -0.583398 0.000000 -0.583398 11.661723 -0.000000 0.000000 -0.000000 10.260985 
12.488166 -0.891639 0.000000 -0.891639 11.623571 0.000000 0.000000 0.000000 10.274648 
7.498648 0.003784 -0.000000 0.003784 8.242356 0.000000 -0.000000 0.000000 8.464646 
13.443775 -0.397725 -0.000000 -0.397725 13.217499 -0.000000 -0.000000 -0.000000 10.567909 
9.614482 0.411952 0.000000 0.411952 9.503378 0.000000 0.000000 0.000000 9.110647 
9.248521 -0.035106 0.000000 -0.035106 10.274702 0.000000 0.000000 0.000000 9.278971 
9.133763 0.152721 0.000000 0.152721 8.106770 0.000000 0.000000 0.000000 8.792191 
10.961868 -0.754809 -0.000000 -0.754809 12.266529 0.000000 -0.000000 0.000000 10.032892 
11.185194 0.012535 0.000000 0.012535 9.165403 0.000000 0.000000 0.000000 9.447393 
12.642226 0.144194 -0.000000 0.144194 12.896778 -0.000000 -0.000000 -0.000000 10.353445 
15.170366 -0.454617 0.000000 -0.454617 10.851732 -0.000000 0.000000 -0.000000 10.477712 
10.619641 0.219782 0.000000 0.219782 8.212795 -0.000000 0.000000 -0.000000 9.119595 
18.201784 -0.870474 0.000000 -0.870474 11.815764 -0.000000 0.000000 -0.000000 11.080751 
11.655325 -1.173656 -0.000000 -1.173656 11.218553 0.000000 -0.000000 0.000000 10.162641 
11.643611 -0.101316 -0.000000 -0.101316 11.962698 -0.000000 -0.000000 -0.000000 10.044998 
10.570291 0.121394 -0.000000 0.121394 8.437226 -0.000000 -0.000000 -0.000000 9.114722 
9.218577 -0.252912 0.000000 -0.252912 9.331681 -0.000000 0.000000 -0.000000 9.191220 
9.671322 0.363576 0.000000 0.363576 12.606025 -0.000000 0.000000 -0.000000 9.728250 
8.651437 0.147240 -0.000000 0.147240 8.110851 0.000000 -0.000000 0.000000 8.759298 
9.859811 0.150795 0.000000 0.150795 9.761742 0.000000 0.000000 0.000000 9.272543 
13.717883 -0.847073 0.000000 -0.847073 11.911290 -0.000000 0.000000 -0.000000 10.490813 
11.959635 -1.131895 -0.000000 -1.131895 12.434099 -0.000000 -0.000000 -0.000000 10.292215 
15.226753 -0.267591 0.000000 -0.267591 10.487019 -0.000000 0.000000 -0.000000 10.336109 
10.111962 -0.859096 0.000000 -0.859096 10.918388 -0.000000 0.000000 -0.000000 9.697249 
13.413541 -0.499260 -0.000000 -0.499260 11.393945 0.000000 -0.000000 0.000000 10.295426 
9.096288 0.067715 -0.000000 0.067715 9.199254 -0.000000 -0.000000 -0.000000 9.025624 
9.024152 0.179383 0.000000 0.179383 8.441524 -0.000000 0.000000 -0.000000 8.800586 
12.036761 0.240874 -0.000000 0.240874 10.878722 -0.000000 -0.000000 -0.000000 9.869330 
12.017729 -0.790038 0.000000 -0.790038 12.401276 -0.000000 0.000000 -0.000000 10.255721 
10.770286 -0.518311 -0.000000 -0.518311 10.487443 -0.000000 -0.000000 -0.000000 9.742554 
13.240653 -0.641186 0.000000 -0.641186 11.239775 -0.000000 0.000000 -0.000000 10.299784 
11.012039 0.188411 0.000000 0.188411 7.896226 0.000000 0.000000 0.000000 9.041962 
9.040920 0.122520 0.000000 0.122520 8.312682 0.000000 0.000000 0.000000 8.825493 
11.186083 0.094137 0.000000 0.094137 9.311628 0.000000 0.000000 0.000000 9.412048 
9.963114 -0.197785 0.000000 -0.197785 9.813925 0.000000 0.000000 0.000000 9.395067 
8.673000 -0.096736 0.000000 -0.096736 8.727442 -0.000000 0.000000 -0.000000 8.968540 
11.728261 -0.096963 -0.000000 -0.096963 11.170292 -0.000000 -0.000000 -0.000000 9.920088 
8.052685 0.161454 0.000000 0.161454 8.367830 0.000000 0.000000 0.000000 8.583426 
10.041334 0.000063 0.171207 0.000063 9.404468 0.000127 0.171207 0.000127 9.796250 
12.803422 -0.960115 0.000000 -0.960115 13.657955 -0.000000 0.000000 -0.000000 10.574372 
10.509635 0.273468 -0.000000 0.273468 9.473361 -0.000000 -0.000000 -0.000000 9.287695 
9.553285 -0.744901 0.000000 -0.744901 11.595252 0.000000 0.000000 0.000000 9.625726 
9.592564 -0.134375 0.215257 -0.134375 9.966995 -0.144985 0.215257 -0.144985 9.635824 
12.194727 0.039814 -0.000000 0.039814 9.116330 -0.000000 -0.000000 -0.000000 9.515165 
12.402731 0.096347 -0.000000 0.096347 13.292563 -0.000000 -0.000000 -0.000000 10.382202 
11.008732 -0.503958 -0.000000 -0.503958 10.397575 0.000000 -0.000000 0.000000 9.785707 
9.450852 0.314480 0.000000 0.314480 7.895425 -0.000000 0.000000 -0.000000 8.851243 
10.133796 -0.092385 0.000000 -0.092385 11.945268 0.000000 0.000000 0.000000 9.755897 
11.849063 -1.597225 0.000000 -1.597225 14.716530 -0.000000 0.000000 -0.000000 10.556951 
15.806194 -0.408155 -0.000000 -0.408155 10.771080 0.000000 -0.000000 0.000000 10.523986 
9.901436 -0.543488 -0.000000 -0.543488 12.140855 -0.000000 -0.000000 -0.000000 9.769891 
9.377620 0.000137 0.000439 0.000137 10.046729 -0.000115 0.000439 -0.000115 9.693739 
8.133323 0.090633 -0.000000 0.090633 10.170758 0.000000 -0.000000 0.000000 8.969291 
11.821194 -1.010312 -0.000000 -1.010312 12.514701 -0.000000 -0.000000 -0.000000 10.259920 
11.339680 0.087629 -0.000000 0.087629 8.967541 -0.000000 -0.000000 -0.000000 9.347084 
12.481704 -0.635809 0.000000 -0.635809 13.372732 -0.000000 0.000000 -0.000000 10.455392 
8.892115 -0.057293 0.000000 -0.057293 10.693588 0.000000 0.000000 0.000000 9.269766 
15.045632 -0.770632 0.000000 -0.770632 12.666365 -0.000000 0.000000 -0.000000 10.751904 
9.169592 -0.104704 0.000000 -0.104704 9.523160 -0.000000 0.000000 -0.000000 9.147933 
11.040464 0.111254 0.000000 0.111254 9.395518 0.000000 0.000000 0.000000 9.403130 
11.184752 0.416586 0.000000 0.416586 10.662791 0.000000 0.000000 0.000000 9.662381 
9.647764 0.232620 0.000000 0.232620 9.890176 0.000000 0.000000 0.000000 9.242587 
13.891837 -0.199157 0.000000 -0.199157 10.141039 -0.000000 0.000000 -0.000000 10.253150 
8.920874 -0.038221 -0.000000 -0.038221 9.183763 0.000000 -0.000000 0.000000 9.016207 
11.470535 0.000743 0.000000 0.000743 14.688752 0.000000 0.000000 0.000000 10.432493 
9.665829 0.301413 0.000000 0.301413 7.977090 0.000000 0.000000 0.000000 8.915058 
9.711716 0.000015 -0.000041 0.000015 10.009949 0.000015 -0.000041 0.000015 9.365935 
9.729322 -0.049799 0.000000 -0.049799 10.224409 0.000000 0.000000 0.000000 9.376164 
11.092033 0.334718 -0.000000 0.334718 13.869078 0.000000 -0.000000 0.000000 10.224332 
11.264385 0.049537 0.000000 0.049537 8.997414 0.000000 0.000000 0.000000 9.407029 
10.328226 -1.098396 0.000000 -1.098396 14.174412 -0.000000 0.000000 -0.000000 10.151300 
9.972172 0.155327 0.000000 0.155327 9.976013 -0.000000 0.000000 -0.000000 9.337670 
7.846819 0.213204 0.000000 0.213204 9.087048 0.000000 0.000000 0.000000 8.670937 
12.232029 -2.120396 -0.000000 -2.120396 15.010983 0.000000 -0.000000 0.000000 10.669570 
9.610803 -0.033298 -0.000000 -0.033298 8.893888 0.000000 -0.000000 0.000000 9.197793 
7.576904 0.112980 0.000000 0.112980 8.201185 -0.000000 0.000000 -0.000000 8.442262 
9.730382 0.170763 0.000000 0.170763 7.566218 0.000000 0.000000 0.000000 8.712336 
9.315571 0.141655 0.000000 0.141655 8.215006 0.000000 0.000000 0.000000 8.872123 
11.301331 -0.504622 0.000000 -0.504622 11.811139 0.000000 0.000000 0.000000 10.007465 
9.702453 0.000008 0.000000 0.000008 10.007568 -0.000000 0.000000 -0.000000 9.364867 
9.014475 0.194801 -0.000000 0.194801 8.292280 -0.000000 -0.000000 -0.000000 8.746080 
13.124181 -0.416586 0.000000 -0.416586 11.753109 0.000000 0.000000 0.000000 10.288116 
11.694247 -0.831024 -0.000000 -0.831024 11.019860 0.000000 -0.000000 0.000000 10.073345 
9.329110 0.011771 -0.000000 0.011771 8.835177 -0.000000 -0.000000 -0.000000 9.041017 
9.479600 0.071942 0.000000 0.071942 11.332445 0.000000 0.000000 0.000000 9.499584 
7.897830 0.144835 0.000000 0.144835 7.994667 0.000000 0.000000 0.000000 8.474759 
11.176625 0.498554 -0.000000 0.498554 11.741384 -0.000000 -0.000000 -0.000000 9.871422 
9.655055 0.134074 0.000000 0.134074 8.396105 0.000000 0.000000 0.000000 9.025523 
11.548108 0.083942 0.000000 0.083942 9.286310 0.000000 0.000000 0.000000 9.460508 
10.464848 -0.308732 -0.000000 -0.308732 9.699565 0.000000 -0.000000 0.000000 9.702452 
9.488326 -1.367456 0.000000 -1.367456 11.499761 -0.000000 0.000000 -0.000000 9.598743 
9.619576 -1.149117 -0.000000 -1.149117 11.089583 -0.000000 -0.000000 -0.000000 9.598253 
7.603589 0.200425 0.000000 0.200425 7.203611 0.000000 0.000000 0.000000 8.175735 
10.039316 -0.159526 -0.000000 -0.159526 9.774370 -0.000000 -0.000000 -0.000000 9.399585 
9.066898 0.232551 -0.000000 0.232551 9.096770 -0.000000 -0.000000 -0.000000 8.949648 
10.596948 0.013678 -0.000000 0.013678 9.624942 -0.000000 -0.000000 -0.000000 9.415538 
8.192355 -0.679689 0.000000 -0.679689 10.284141 -0.000000 0.000000 -0.000000 9.059059 
11.908693 -0.239596 0.000000 -0.239596 10.419997 0.000000 0.000000 0.000000 9.854341 
12.720654 -1.403290 0.000000 -1.403290 13.245880 0.000000 0.000000 0.000000 10.550500 
11.580852 0.189320 -0.000000 0.189320 10.102295 -0.000000 -0.000000 -0.000000 9.632965 
9.326300 -1.191471 -0.000000 -1.191471 12.169877 0.000000 -0.000000 0.000000 9.642676 
8.834494 -0.021230 -0.000000 -0.021230 9.012145 -0.000000 -0.000000 -0.000000 8.962619 
10.959705 0.282693 0.000000 0.282693 10.356754 0.000000 0.000000 0.000000 9.574020 
9.412748 -0.781674 -0.000000 -0.781674 10.118627 0.000000 -0.000000 0.000000 9.426734 
11.924375 -0.004100 0.000000 -0.004100 9.496973 0.000000 0.000000 0.000000 9.612051 
11.704473 -0.734523 -0.000000 -0.734523 12.464705 -0.000000 -0.000000 -0.000000 10.200794 
10.584110 0.211616 -0.000000 0.211616 9.530191 -0.000000 -0.000000 -0.000000 9.332208 
7.930303 0.127689 0.000000 0.127689 8.038469 -0.000000 0.000000 -0.000000 8.502697 
7.947040 0.142395 0.000000 0.142395 7.980602 -0.000000 0.000000 -0.000000 8.576240 
7.720593 0.246033 -0.000000 0.246033 7.834176 0.000000 -0.000000 0.000000 8.326932 
7.804595 0.353358 0.000000 0.353358 8.630862 0.000000 0.000000 0.000000 8.524706 
8.381970 0.219390 -0.000000 0.219390 7.964270 0.000000 -0.000000 0.000000 8.514298 
9.396543 0.247444 -0.000000 0.247444 7.570256 -0.000000 -0.000000 -0.000000 8.690498 
11.729648 -0.027133 0.000000 -0.027133 13.423449 0.000000 0.000000 0.000000 10.292827 
9.923144 0.251879 0.000000 0.251879 8.443616 -0.000000 0.000000 -0.000000 9.144104 
16.553037 -1.276428 0.000000 -1.276428 12.914475 -0.000000 0.000000 -0.000000 11.076049 
9.461733 -0.288999 -0.000000 -0.288999 9.336095 0.000000 -0.000000 0.000000 9.298954 
11.850384 0.105118 0.000000 0.105118 14.439556 -0.000000 0.000000 -0.000000 10.463433 
10.281567 -1.599852 0.000000 -1.599852 12.488298 -0.000000 0.000000 -0.000000 9.933260 
10.354927 -0.435828 0.000000 -0.435828 10.607239 -0.000000 0.000000 -0.000000 9.643296 
9.888508 0.245298 -0.003667 0.245298 9.621645 -0.129266 -0.003667 -0.129266 9.500714 
8.645859 -0.423971 -0.000000 -0.423971 9.897842 0.000000 -0.000000 0.000000 9.130809 
8.663977 -0.087416 -0.000000 -0.087416 9.612974 0.000000 -0.000000 0.000000 9.036907 
10.319948 0.009329 -0.000000 0.009329 8.999299 0.000000 -0.000000 0.000000 9.280358 
9.436951 -0.352881 0.000000 -0.352881 10.610636 0.000000 0.000000 0.000000 9.423734 
13.450741 -1.062678 0.000000 -1.062678 11.706559 -0.000000 0.000000 -0.000000 10.512582 
12.331975 -0.243140 -0.000000 -0.243140 10.148658 -0.000000 -0.000000 -0.000000 9.898091 
8.769868 0.157532 0.000000 0.157532 8.340631 -0.000000 0.000000 -0.000000 8.741032 
8.170131 0.477534 0.000000 0.477534 9.059013 -0.000000 0.000000 -0.000000 8.688337 
10.826130 -0.278530 -0.000000 -0.278530 10.141405 -0.000000 -0.000000 -0.000000 9.639989 
14.480816 -0.743061 0.000000 -0.743061 13.858500 -0.000000 0.000000 -0.000000 10.845301 
14.729126 -0.944953 -0.000000 -0.944953 14.111061 -0.000000 -0.000000 -0.000000 10.932442 
10.748942 -0.418701 0.000000 -0.418701 10.330462 -0.000000 0.000000 -0.000000 9.692554 
9.742417 0.264366 0.000000 0.264366 9.826457 -0.000000 0.000000 -0.000000 9.241193 
9.113363 0.261726 -0.000000 0.261726 8.767323 -0.000000 -0.000000 -0.000000 8.864781 
12.341889 -1.088409 0.000000 -1.088409 11.636399 -0.000000 0.000000 -0.000000 10.299937 
9.312493 0.062919 0.000000 0.062919 9.272580 0.000000 0.000000 0.000000 9.087120 
10.785814 -0.206193 -0.000000 -0.206193 10.280502 -0.000000 -0.000000 -0.000000 9.627472 
9.485530 -0.022730 0.000000 -0.022730 8.829049 -0.000000 0.000000 -0.000000 9.130283 
9.514951 -0.090051 0.000000 -0.090051 9.447235 -0.000000 0.000000 -0.000000 9.210203 
10.432158 0.332231 0.000000 0.332231 8.326359 0.000000 0.000000 0.000000 9.180406 
11.889582 -0.044438 -0.000000 -0.044438 10.214004 -0.000000 -0.000000 -0.000000 9.757069 
16.331954 -0.641503 -0.000000 -0.641503 11.274238 0.000000 -0.000000 0.000000 10.750956 
13.016056 -0.485622 -0.000000 -0.485622 12.251148 -0.000000 -0.000000 -0.000000 10.359395 
7.606860 -0.005836 0.000000 -0.005836 8.358528 0.000000 0.000000 0.000000 8.519597 
9.159778 0.357363 -0.000000 0.357363 9.268323 -0.000000 -0.000000 -0.000000 8.977604 
12.318896 -0.881651 -0.000000 -0.881651 11.821674 0.000000 -0.000000 0.000000 10.257347 
9.646318 -0.637101 0.000000 -0.637101 11.066460 -0.000000 0.000000 -0.000000 9.571635 
14.249971 -0.405170 0.000000 -0.405170 12.173473 -0.000000 0.000000 -0.000000 10.516748 
15.668694 -2.264024 -0.000000 -2.264024 14.367333 -0.000000 -0.000000 -0.000000 11.236739 
10.869052 -0.071021 0.000000 -0.071021 9.312463 0.000000 0.000000 0.000000 9.557223 
10.132280 0.060204 0.000000 0.060204 9.155092 0.000000 0.000000 0.000000 9.225069 
8.959044 0.174255 -0.000000 0.174255 7.923399 -0.000000 -0.000000 -0.000000 8.708812 
7.897753 0.251745 -0.000000 0.251745 7.385867 0.000000 -0.000000 0.000000 8.355627 
8.758171 -0.052032 -0.000000 -0.052032 9.436492 0.000000 -0.000000 0.000000 9.022886 
12.950850 -0.581546 0.000000 -0.581546 10.677530 -0.000000 0.000000 -0.000000 10.264227 
12.900996 -0.261743 0.000000 -0.261743 10.843852 -0.000000 0.000000 -0.000000 10.077906 
11.057905 0.103630 0.000000 0.103630 10.111529 0.000000 0.000000 0.000000 9.568512 
9.858263 0.514445 0.000000 0.514445 10.091211 0.000000 0.000000 0.000000 9.281909 
9.746694 0.359670 0.000000 0.359670 7.917138 -0.000000 0.000000 -0.000000 8.914077 
12.119493 -0.726499 -0.000000 -0.726499 11.459619 -0.000000 -0.000000 -0.000000 10.151585 
10.823057 -0.080710 -0.000000 -0.080710 10.156140 -0.000000 -0.000000 -0.000000 9.580269 
9.533204 -1.467520 0.000000 -1.467520 12.001710 0.000000 0.000000 0.000000 9.667676 
8.483478 0.063451 -0.000000 0.063451 8.858621 -0.000000 -0.000000 -0.000000 8.822241 
9.900207 0.463168 0.000000 0.463168 11.055829 0.000000 0.000000 0.000000 9.499156 
9.197391 0.232704 -0.000000 0.232704 9.337156 -0.000000 -0.000000 -0.000000 9.031508 
11.175162 -0.584013 0.000000 -0.584013 12.169748 0.000000 0.000000 0.000000 10.044337 
10.413033 -0.108543 0.000000 -0.108543 9.614121 0.000000 0.000000 0.000000 9.428075 
10.934749 -0.534072 0.000000 -0.534072 13.841730 -0.000000 0.000000 -0.000000 10.228486 
12.539593 -3.141590 0.000000 -3.141590 15.558932 -0.000000 0.000000 -0.000000 10.732370 
10.232569 -0.053929 -0.000000 -0.053929 9.352711 -0.000000 -0.000000 -0.000000 9.333309 
10.611785 -0.370653 0.000000 -0.370653 12.826664 -0.000000 0.000000 -0.000000 10.010077 
9.796970 0.085352 -0.000000 0.085352 11.012515 0.000000 -0.000000 0.000000 9.511134 
7.677521 0.117460 -0.000000 0.117460 9.165465 0.000000 -0.000000 0.000000 8.657500 
8.398582 0.266218 -0.000000 0.266218 8.416940 -0.000000 -0.000000 -0.000000 8.629119 
12.153654 -1.031271 0.000000 -1.031271 11.420557 -0.000000 0.000000 -0.000000 10.240685 
9.732107 -0.042477 -0.000000 -0.042477 9.022349 0.000000 -0.000000 0.000000 9.306592 
8.621305 -0.048621 0.000000 -0.048621 9.238990 0.000000 0.000000 0.000000 8.955233 
10.948388 -1.396256 -0.000000 -1.396256 12.182471 0.000000 -0.000000 0.000000 10.071716 
8.857601 0.079831 -0.000000 0.079831 8.360605 -0.000000 -0.000000 -0.000000 8.839925 
10.657053 -0.132219 0.000000 -0.132219 9.442024 -0.000000 0.000000 -0.000000 9.488164 
13.405022 -0.155177 -0.000000 -0.155177 12.547093 -0.000000 -0.000000 -0.000000 10.433235 
7.902630 0.213176 -0.000000 0.213176 8.726911 -0.000000 -0.000000 -0.000000 8.609075 
11.145428 -0.136417 -0.000000 -0.136417 9.508132 0.000000 -0.000000 0.000000 9.654224 
11.770024 -0.049730 0.000000 -0.049730 10.685621 0.000000 0.000000 0.000000 9.829681 
12.224313 -0.227578 -0.000000 -0.227578 12.863414 -0.000000 -0.000000 -0.000000 10.303297 
8.849595 0.266253 0.000000 0.266253 9.349901 0.000000 0.000000 0.000000 8.954493 
11.767109 -0.743226 0.000000 -0.743226 11.012840 0.000000 0.000000 0.000000 10.058197 
10.125696 -0.036938 0.000000 -0.036938 13.149870 0.000000 0.000000 0.000000 9.935685 
10.415123 -1.036253 0.000000 -1.036253 12.268932 -0.000000 0.000000 -0.000000 9.936088 
8.839770 0.574832 0.000000 0.574832 11.749230 -0.000000 0.000000 -0.000000 9.375663 
11.233763 -0.245420 -0.000000 -0.245420 9.844991 0.000000 -0.000000 0.000000 9.692452 
10.949315 -1.767755 -0.000000 -1.767755 13.850107 0.000000 -0.000000 0.000000 10.255288 
13.205591 0.014886 0.000000 0.014886 9.226554 0.000000 0.000000 0.000000 9.753614 
9.651726 -0.344769 0.000000 -0.344769 10.102454 -0.000000 0.000000 -0.000000 9.402378 
11.669538 -0.246910 -0.000000 -0.246910 10.974826 -0.000000 -0.000000 -0.000000 9.902401 
8.786975 -0.027099 -0.000000 -0.027099 8.700074 0.000000 -0.000000 0.000000 9.010325 
11.247884 -0.018759 0.000000 -0.018759 10.287443 0.000000 0.000000 0.000000 9.662209 
9.233928 -0.335255 0.000000 -0.335255 11.243955 0.000000 0.000000 0.000000 9.466953 
14.586947 0.008860 0.000000 0.008860 9.033109 0.000000 0.000000 0.000000 9.861218 
10.490054 0.277503 0.000000 0.277503 12.098955 0.000000 0.000000 0.000000 9.823219 
12.753918 0.018193 -0.000000 0.018193 9.413644 0.000000 -0.000000 0.000000 9.839925 
11.733285 -0.045406 -0.000000 -0.045406 10.267578 -0.000000 -0.000000 -0.000000 9.743273 
8.798338 -0.481834 -0.000000 -0.481834 10.366295 0.000000 -0.000000 0.000000 9.242787 
12.461946 -1.116547 -0.000000 -1.116547 11.095782 0.000000 -0.000000 0.000000 10.402083 
8.822699 0.082574 0.000000 0.082574 11.061218 -0.000000 0.000000 -0.000000 9.299370 
9.470979 -0.029577 0.000000 -0.029577 10.763336 -0.000000 0.000000 -0.000000 9.412054 
7.826190 0.300978 0.000000 0.300978 9.506838 0.000000 0.000000 0.000000 8.734642 
13.006403 -0.462371 0.000000 -0.462371 10.505219 -0.000000 0.000000 -0.000000 10.197769 
15.182562 -0.725489 -0.000000 -0.725489 11.628080 0.000000 -0.000000 0.000000 10.638713 
10.116261 -0.441185 0.000000 -0.441185 9.966405 -0.000000 0.000000 -0.000000 9.534471 
10.286656 -0.423725 0.000000 -0.423725 9.831361 0.000000 0.000000 0.000000 9.585104 
10.027505 -0.235420 -0.000000 -0.235420 10.180063 0.000000 -0.000000 0.000000 9.470031 
10.457515 0.044937 0.000000 0.044937 9.079241 -0.000000 0.000000 -0.000000 9.461320 
11.121327 -0.516264 -0.000000 -0.516264 11.028861 -0.000000 -0.000000 -0.000000 9.868755 
10.759456 -0.247671 0.000000 -0.247671 10.178702 0.000000 0.000000 0.000000 9.620653 
8.897746 0.017877 0.000000 0.017877 9.143432 -0.000000 0.000000 -0.000000 8.986300 
9.750103 -0.049128 0.000000 -0.049128 8.972707 0.000000 0.000000 0.000000 9.218228 
9.476695 -0.151444 -0.000000 -0.151444 10.959276 0.000000 -0.000000 0.000000 9.460852 
9.288441 0.104966 0.000000 0.104966 8.657517 0.000000 0.000000 0.000000 8.945807 
9.991774 -0.186853 -0.000000 -0.186853 10.055202 -0.000000 -0.000000 -0.000000 9.431952 
10.925448 -0.507614 0.000000 -0.507614 10.402613 0.000000 0.000000 0.000000 9.768648 
10.343259 -0.621776 -0.000000 -0.621776 10.850334 -0.000000 -0.000000 -0.000000 9.707111 
11.944356 -1.977780 -0.000000 -1.977780 13.028698 0.000000 -0.000000 0.000000 10.401534 
9.934819 -0.241963 0.000000 -0.241963 13.199291 0.000000 0.000000 0.000000 9.910502 
8.263054 -0.147076 0.000000 -0.147076 10.312540 0.000000 0.000000 0.000000 9.054013 
11.422041 -0.356088 0.000000 -0.356088 11.988241 0.000000 0.000000 0.000000 10.037736 
9.269119 0.466961 0.000000 0.466961 10.714114 0.000000 0.000000 0.000000 9.299491 
11.506698 -0.499446 0.000000 -0.499446 10.951261 -0.000000 0.000000 -0.000000 9.928643 
10.124501 -0.123203 0.000000 -0.123203 9.289481 -0.000000 0.000000 -0.000000 9.473150 
11.978382 -0.043079 -0.000000 -0.043079 10.159351 -0.000000 -0.000000 -0.000000 9.759740 
12.745311 -0.200431 -0.000000 -0.200431 9.941283 0.000000 -0.000000 0.000000 9.960795 
10.428780 -0.129759 0.000000 -0.129759 9.336696 -0.000000 0.000000 -0.000000 9.450024 
9.424234 0.011631 0.000000 0.011631 8.845716 -0.000000 0.000000 -0.000000 9.064785 
10.925525 -0.272603 -0.000000 -0.272603 11.441014 0.000000 -0.000000 0.000000 9.850166 
9.595724 0.149809 -0.000000 0.149809 8.277440 0.000000 -0.000000 0.000000 8.963093 
9.235078 -0.068729 -0.000000 -0.068729 9.445281 -0.000000 -0.000000 -0.000000 9.140451 
13.816022 -0.154612 -0.000000 -0.154612 10.067395 0.000000 -0.000000 0.000000 10.048979 
9.777654 -0.171394 -0.000000 -0.171394 9.709213 -0.000000 -0.000000 -0.000000 9.332152 
8.587099 0.147419 -0.000000 0.147419 8.925932 0.000000 -0.000000 0.000000 8.833992 
10.248306 -0.184692 0.000000 -0.184692 10.345935 0.000000 0.000000 0.000000 9.528894 
12.074284 -0.173342 0.000000 -0.173342 9.770954 0.000000 0.000000 0.000000 9.826712 
11.403273 0.015490 0.000000 0.015490 9.394960 0.000000 0.000000 0.000000 9.504987 
11.520615 -0.185084 0.000000 -0.185084 9.707760 -0.000000 0.000000 -0.000000 9.723075 
9.896963 0.340006 0.000000 0.340006 8.267796 -0.000000 0.000000 -0.000000 9.080335 
10.376973 -1.248350 0.000000 -1.248350 12.293128 -0.000000 0.000000 -0.000000 9.938676 
10.603795 -0.824417 0.000000 -0.824417 10.507904 0.000000 0.000000 0.000000 9.802213 
13.296997 -0.644320 0.000000 -0.644320 12.293200 -0.000000 0.000000 -0.000000 10.431156 
10.363209 0.124988 0.000000 0.124988 8.475413 0.000000 0.000000 0.000000 9.056348 
9.488083 0.086869 0.000000 0.086869 9.278811 -0.000000 0.000000 -0.000000 9.116732 
8.874447 0.224719 0.000000 0.224719 8.931862 0.000000 0.000000 0.000000 8.873825 
13.478600 -1.092720 0.000000 -1.092720 11.340402 -0.000000 0.000000 -0.000000 10.626761 
10.487623 -0.605103 0.000000 -0.605103 10.615826 0.000000 0.000000 0.000000 9.713581 
10.651535 -0.101235 0.000000 -0.101235 10.964465 0.000000 0.000000 0.000000 9.695429 
9.940520 -0.094255 -0.000000 -0.094255 10.165828 0.000000 -0.000000 0.000000 9.417957 
8.114298 0.033072 -0.000000 0.033072 9.884805 -0.000000 -0.000000 -0.000000 8.921698 
9.091145 -0.449092 -0.000000 -0.449092 9.849733 0.000000 -0.000000 0.000000 9.254263 
11.550531 -0.039533 -0.000000 -0.039533 9.605153 -0.000000 -0.000000 -0.000000 9.593964 
10.723393 -1.109744 0.000000 -1.109744 11.720413 0.000000 0.000000 0.000000 9.952590 
9.999152 -0.372030 -0.000000 -0.372030 10.101643 0.000000 -0.000000 0.000000 9.490309 
8.210879 0.280605 0.000000 0.280605 9.429281 -0.000000 0.000000 -0.000000 8.821933 
12.112312 -0.948151 -0.000000 -0.948151 11.002066 0.000000 -0.000000 0.000000 10.228856 
8.631570 0.089643 0.000000 0.089643 8.908994 -0.000000 0.000000 -0.000000 8.858506 
11.701245 -0.357818 -0.000000 -0.357818 10.489768 0.000000 -0.000000 0.000000 9.870176 
13.124665 -0.904112 0.000000 -0.904112 11.479576 -0.000000 0.000000 -0.000000 10.391975 
13.004266 -0.867183 -0.000000 -0.867183 11.369054 0.000000 -0.000000 0.000000 10.355744 
9.634929 -0.084941 -0.000000 -0.084941 10.652396 0.000000 -0.000000 0.000000 9.436144 
9.107207 0.071090 -0.000000 0.071090 9.932388 -0.000000 -0.000000 -0.000000 9.167900 
13.695403 -1.092890 0.000000 -1.092890 13.059485 -0.000000 0.000000 -0.000000 10.656901 
10.128882 -0.113816 -0.000000 -0.113816 9.293036 -0.000000 -0.000000 -0.000000 9.348809 
11.729482 -0.224251 -0.000000 -0.224251 11.480766 -0.000000 -0.000000 -0.000000 9.992638 
11.084917 -0.135750 -0.000000 -0.135750 10.034016 -0.000000 -0.000000 -0.000000 9.622595 
9.488815 0.179941 0.000000 0.179941 8.226776 -0.000000 0.000000 -0.000000 8.951846 
10.612905 -0.587211 -0.000000 -0.587211 10.629050 0.000000 -0.000000 0.000000 9.738546 
8.746864 0.076606 0.000000 0.076606 8.456016 0.000000 0.000000 0.000000 8.812400 
8.218515 -0.070892 0.000000 -0.070892 9.049588 -0.000000 0.000000 -0.000000 8.824688 
11.687886 -0.448545 0.000000 -0.448545 10.990257 -0.000000 0.000000 -0.000000 9.953083 
11.513792 -0.089154 0.000000 -0.089154 9.581912 -0.000000 0.000000 -0.000000 9.620467 
10.052627 -0.111186 -0.000000 -0.111186 9.323492 0.000000 -0.000000 0.000000 9.502981 
10.793626 -0.860641 0.000000 -0.860641 10.924495 -0.000000 0.000000 -0.000000 9.867785 
9.607546 -0.087231 0.000000 -0.087231 9.137138 0.000000 0.000000 0.000000 9.196531 
10.042941 -0.215307 -0.000000 -0.215307 9.383952 0.000000 -0.000000 0.000000 9.452079 
11.103108 0.096686 0.000000 0.096686 8.652257 0.000000 0.000000 0.000000 9.259754 
10.679646 0.057668 -0.000000 0.057668 9.576454 0.000000 -0.000000 0.000000 9.405090 
11.400973 -0.331365 -0.000000 -0.331365 10.023531 0.000000 -0.000000 0.000000 9.786932 
10.217054 -0.156299 0.000000 -0.156299 9.522428 -0.000000 0.000000 -0.000000 9.402464 
8.619028 -0.103715 -0.000000 -0.103715 8.766072 0.000000 -0.000000 0.000000 8.920844 
7.851648 -0.053586 0.000000 -0.053586 8.418552 -0.000000 0.000000 -0.000000 8.623731 
11.004287 -1.020243 0.000000 -1.020243 14.251679 -0.000000 0.000000 -0.000000 10.313163 
15.358241 -1.916452 0.000000 -1.916452 14.048124 0.000000 0.000000 0.000000 11.121807 
9.917863 0.160343 -0.000000 0.160343 8.142208 -0.000000 -0.000000 -0.000000 8.940965 
11.558750 -0.378482 0.000000 -0.378482 11.002481 0.000000 0.000000 0.000000 9.915383 
10.793230 -0.531601 -0.000000 -0.531601 10.143408 0.000000 -0.000000 0.000000 9.760953 
14.638960 -1.202298 0.000000 -1.202298 12.441974 -0.000000 0.000000 -0.000000 10.766712 
8.478876 0.189619 -0.000000 0.189619 7.831268 -0.000000 -0.000000 -0.000000 8.619770 
11.797469 -1.096445 0.000000 -1.096445 12.125913 0.000000 0.000000 0.000000 10.224545 
10.443866 -0.535876 -0.000000 -0.535876 11.505291 0.000000 -0.000000 0.000000 9.799086 
9.369903 0.151782 -0.000000 0.151782 9.021537 -0.000000 -0.000000 -0.000000 9.017205 
10.036752 0.121974 0.000000 0.121974 10.149286 0.000000 0.000000 0.000000 9.391394 
10.326010 0.094891 -0.000000 0.094891 9.353047 -0.000000 -0.000000 -0.000000 9.284864 
8.467620 -0.397374 -0.000000 -0.397374 10.270537 -0.000000 -0.000000 -0.000000 9.128794 
8.724564 0.140358 0.000000 0.140358 10.929875 0.000000 0.000000 0.000000 9.247475 
14.236244 -0.460980 0.000000 -0.460980 13.037634 0.000000 0.000000 0.000000 10.661942 
12.582408 -1.135971 -0.000000 -1.135971 11.573218 0.000000 -0.000000 0.000000 10.365529 
9.552482 0.059875 0.000000 0.059875 10.080686 0.000000 0.000000 0.000000 9.293195 
9.350435 -0.028971 -0.000000 -0.028971 9.071713 0.000000 -0.000000 0.000000 9.096014 
9.839024 0.238021 0.000000 0.238021 9.741875 0.000000 0.000000 0.000000 9.245885 
10.206136 -0.424105 0.000000 -0.424105 10.381791 -0.000000 0.000000 -0.000000 9.581406 
12.471232 -0.992375 0.000000 -0.992375 11.793370 0.000000 0.000000 0.000000 10.308181 
8.180902 0.138968 0.000000 0.138968 10.127180 0.000000 0.000000 0.000000 8.968750 
11.128110 0.009716 -0.000000 0.009716 10.139757 -0.000000 -0.000000 -0.000000 9.606979 
10.961483 -1.438784 -0.000000 -1.438784 14.580557 0.000000 -0.000000 0.000000 10.347534 
8.445362 0.358836 -0.000000 0.358836 9.745707 -0.000000 -0.000000 -0.000000 8.931315 
9.108985 0.050025 -0.000000 0.050025 8.855474 0.000000 -0.000000 0.000000 8.971702 
10.165617 -0.431408 -0.000000 -0.431408 9.778171 0.000000 -0.000000 0.000000 9.564019 
10.618578 -0.510077 -0.000000 -0.510077 10.039128 -0.000000 -0.000000 -0.000000 9.713462 
8.986556 -0.524734 -0.000000 -0.524734 12.112486 0.000000 -0.000000 0.000000 9.537681 
11.643719 -2.188665 -0.000000 -2.188665 14.196982 -0.000000 -0.000000 -0.000000 10.445632 
10.057091 0.548346 -0.000000 0.548346 12.079083 0.000000 -0.000000 0.000000 9.711457 
10.977272 -0.071830 -0.000000 -0.071830 9.500642 0.000000 -0.000000 0.000000 9.503735 
15.041718 -0.281876 0.000000 -0.281876 10.455854 -0.000000 0.000000 -0.000000 10.324756 
10.785127 -0.710456 -0.000000 -0.710456 10.755628 0.000000 -0.000000 0.000000 9.819782 
12.341908 0.011261 0.000000 0.011261 9.237960 0.000000 0.000000 0.000000 9.647636 
9.407016 -0.090045 0.000000 -0.090045 8.996096 -0.000000 0.000000 -0.000000 9.148776 
10.522265 0.015750 0.000000 0.015750 9.010198 -0.000000 0.000000 -0.000000 9.317434 
9.898322 -0.530004 0.000000 -0.530004 11.686611 -0.000000 0.000000 -0.000000 9.704562 
10.720564 -0.180344 0.000000 -0.180344 9.609647 -0.000000 0.000000 -0.000000 9.720991 
9.587625 -0.236836 0.000000 -0.236836 9.528749 0.000000 0.000000 0.000000 9.292968 
10.612250 -1.414622 0.000000 -1.414622 12.147944 -0.000000 0.000000 -0.000000 9.985400 
9.775430 0.166603 -0.000000 0.166603 8.174838 0.000000 -0.000000 0.000000 8.946561 
10.332819 -0.181978 -0.000000 -0.181978 11.281109 -0.000000 -0.000000 -0.000000 9.698126 
9.842558 0.164780 -0.000000 0.164780 9.402104 -0.000000 -0.000000 -0.000000 9.187633 
10.430443 -0.975952 0.000000 -0.975952 12.692506 0.000000 0.000000 0.000000 9.988593 
9.174872 -0.129521 -0.000000 -0.129521 9.286192 -0.000000 -0.000000 -0.000000 9.123717 
13.036999 -1.826239 -0.000000 -1.826239 13.165894 -0.000000 -0.000000 -0.000000 10.644307 
10.530004 -0.201864 0.000000 -0.201864 10.179032 -0.000000 0.000000 -0.000000 9.562536 
14.573119 -0.611518 0.000000 -0.611518 11.138691 -0.000000 0.000000 -0.000000 10.492311 
12.038476 -0.046179 -0.000000 -0.046179 9.514641 -0.000000 -0.000000 -0.000000 9.666605 
9.021144 0.154470 0.000000 0.154470 8.677803 0.000000 0.000000 0.000000 8.869867 
9.123636 0.008768 0.000000 0.008768 9.062091 -0.000000 0.000000 -0.000000 9.026845 
9.784866 -0.290797 0.000000 -0.290797 10.633663 -0.000000 0.000000 -0.000000 9.496837 
8.843669 -0.435515 -0.000000 -0.435515 9.263744 0.000000 -0.000000 0.000000 9.155079 
10.054426 0.198413 -0.000000 0.198413 9.365372 -0.000000 -0.000000 -0.000000 9.207194 
12.375623 -0.045433 -0.000000 -0.045433 9.522867 0.000000 -0.000000 0.000000 9.718480 
9.232043 0.042893 -0.000000 0.042893 8.936044 -0.000000 -0.000000 -0.000000 9.015551 
11.426882 -0.034889 -0.000000 -0.034889 9.657317 0.000000 -0.000000 0.000000 9.579829 
10.232757 -0.647353 -0.000000 -0.647353 11.324174 -0.000000 -0.000000 -0.000000 9.743196 
11.121074 -0.353627 0.000000 -0.353627 10.481792 0.000000 0.000000 0.000000 9.760732 
9.129630 0.140208 -0.000000 0.140208 8.640630 -0.000000 -0.000000 -0.000000 8.890247 
13.084220 -0.211059 0.000000 -0.211059 10.521929 -0.000000 0.000000 -0.000000 10.038153 
11.573974 0.053859 -0.000000 0.053859 9.146306 -0.000000 -0.000000 -0.000000 9.456076 
8.903207 -0.129738 0.000000 -0.129738 9.189060 -0.000000 0.000000 -0.000000 9.043507 
11.596098 -0.774786 0.000000 -0.774786 11.344804 -0.000000 0.000000 -0.000000 10.053307 
10.404952 0.190684 -0.000000 0.190684 9.788730 -0.000000 -0.000000 -0.000000 9.368523 
15.126923 -0.976137 -0.000000 -0.976137 13.120581 0.000000 -0.000000 0.000000 10.854886 
9.592030 0.261217 -0.000000 0.261217 12.083541 -0.000000 -0.000000 -0.000000 9.633434 
10.730237 -0.636746 -0.000000 -0.636746 10.177884 0.000000 -0.000000 0.000000 9.809333 
12.589337 0.013872 -0.000000 0.013872 11.330858 -0.000000 -0.000000 -0.000000 10.072351 
8.950445 -0.227263 0.000000 -0.227263 10.881331 -0.000000 0.000000 -0.000000 9.332005 
9.620008 -0.134381 0.000000 -0.134381 9.120315 -0.000000 0.000000 -0.000000 9.251973 
9.306269 0.032774 0.000000 0.032774 10.074231 0.000000 0.000000 0.000000 9.244621 
14.935141 -2.589120 -0.000000 -2.589120 14.678547 0.000000 -0.000000 0.000000 11.164774 
11.317373 -0.047196 -0.000000 -0.047196 9.597028 0.000000 -0.000000 0.000000 9.559230 
10.166528 0.134972 -0.000000 0.134972 8.225475 -0.000000 -0.000000 -0.000000 8.973781 
11.400060 -0.411251 -0.000000 -0.411251 13.430110 0.000000 -0.000000 0.000000 10.255499 
9.853505 0.093353 -0.000000 0.093353 8.624458 0.000000 -0.000000 0.000000 9.065982 
12.332175 -2.487237 -0.000000 -2.487237 15.334142 -0.000000 -0.000000 -0.000000 10.714574 
10.237949 -0.503251 0.000000 -0.503251 9.985624 -0.000000 0.000000 -0.000000 9.597352 
10.805897 -0.847274 0.000000 -0.847274 10.959907 -0.000000 0.000000 -0.000000 9.869773 
9.225122 0.232088 0.000000 0.232088 9.935875 0.000000 0.000000 0.000000 9.166184 
8.613563 -0.009481 -0.000000 -0.009481 9.424791 0.000000 -0.000000 0.000000 8.976063 
8.152376 -0.177952 -0.000000 -0.177952 9.241692 0.000000 -0.000000 0.000000 8.858673 
9.548200 0.191434 0.000000 0.191434 11.685189 0.000000 0.000000 0.000000 9.563286 
9.466947 0.561018 -0.000000 0.561018 13.272475 0.000000 -0.000000 0.000000 9.771608 
7.886554 0.164689 -0.000000 0.164689 9.380322 -0.000000 -0.000000 -0.000000 8.748462 
8.612441 0.173461 -0.000000 0.173461 8.256816 0.000000 -0.000000 0.000000 8.830817 
9.799424 0.036476 -0.000000 0.036476 9.953864 -0.000000 -0.000000 -0.000000 9.323807 
8.955894 -0.258258 0.000000 -0.258258 9.480326 -0.000000 0.000000 -0.000000 9.131912 
12.531215 -0.036455 0.000000 -0.036455 12.021444 0.000000 0.000000 0.000000 10.195772 
9.172467 -0.102338 0.000000 -0.102338 9.947802 0.000000 0.000000 0.000000 9.217339 
9.639233 -0.061570 0.000000 -0.061570 8.966132 0.000000 0.000000 0.000000 9.205513 
8.882618 0.068461 -0.000000 0.068461 9.673726 -0.000000 -0.000000 -0.000000 9.069172 
9.553653 0.218027 -0.000000 0.218027 9.435724 -0.000000 -0.000000 -0.000000 9.127315 
12.974660 -1.603865 -0.000000 -1.603865 12.966335 -0.000000 -0.000000 -0.000000 10.594162 
11.478301 -0.106462 -0.000000 -0.106462 10.345199 -0.000000 -0.000000 -0.000000 9.732234 
8.447744 0.179046 0.000000 0.179046 8.479248 -0.000000 0.000000 -0.000000 8.692908 
9.881105 -0.074053 0.000000 -0.074053 9.291850 -0.000000 0.000000 -0.000000 9.263638 
9.330068 -0.729516 0.000000 -0.729516 10.080486 -0.000000 0.000000 -0.000000 9.392203 
11.291595 -0.100977 -0.000000 -0.100977 10.728252 -0.000000 -0.000000 -0.000000 9.768066 
10.495496 -0.115798 0.000000 -0.115798 9.741147 -0.000000 0.000000 -0.000000 9.464069 
11.475840 -0.068774 0.000000 -0.068774 9.492494 0.000000 0.000000 0.000000 9.593326 
11.668166 -0.444066 -0.000000 -0.444066 12.636893 0.000000 -0.000000 0.000000 10.189888 
11.377791 -0.529451 0.000000 -0.529451 11.595828 -0.000000 0.000000 -0.000000 9.994638 
10.650621 -0.139088 0.000000 -0.139088 11.469374 0.000000 0.000000 0.000000 9.786056 
12.954685 -0.967446 0.000000 -0.967446 12.006434 -0.000000 0.000000 -0.000000 10.405000 
8.404469 -0.330194 0.000000 -0.330194 9.962386 -0.000000 0.000000 -0.000000 9.059584 
10.523541 -1.077821 0.000000 -1.077821 11.514537 0.000000 0.000000 0.000000 9.881240 
9.307885 0.212563 0.000000 0.212563 7.404681 -0.000000 0.000000 -0.000000 8.600235 
8.078246 -0.385328 -0.000000 -0.385328 9.419922 0.000000 -0.000000 0.000000 8.891796 
11.474974 -0.546295 -0.000000 -0.546295 12.222304 -0.000000 -0.000000 -0.000000 10.103973 
10.162430 -0.132648 0.000000 -0.132648 9.882259 -0.000000 0.000000 -0.000000 9.425423 
8.929152 -0.154066 -0.000000 -0.154066 10.745865 0.000000 -0.000000 0.000000 9.297944 
9.041386 0.005370 -0.000000 0.005370 9.145356 0.000000 -0.000000 0.000000 9.023500 
9.636960 -0.273549 0.000000 -0.273549 10.903660 0.000000 0.000000 0.000000 9.502975 
10.713981 0.013552 0.000000 0.013552 11.588798 -0.000000 0.000000 -0.000000 9.801525 
11.783879 -0.734798 0.000000 -0.734798 11.079142 -0.000000 0.000000 -0.000000 10.061366 
10.331376 -0.568927 -0.000000 -0.568927 10.760923 0.000000 -0.000000 0.000000 9.684309 
10.657113 -0.804314 0.000000 -0.804314 13.207083 -0.000000 0.000000 -0.000000 10.096963 
13.259037 -1.171504 -0.000000 -1.171504 12.091713 0.000000 -0.000000 0.000000 10.514559 
12.118175 -0.298171 -0.000000 -0.298171 12.316863 -0.000000 -0.000000 -0.000000 10.204048 
9.529305 -1.004710 -0.000000 -1.004710 12.588914 -0.000000 -0.000000 -0.000000 9.753660 
10.541589 -0.107023 -0.000000 -0.107023 9.452422 0.000000 -0.000000 0.000000 9.438550 
12.559764 0.031178 -0.000000 0.031178 9.257497 0.000000 -0.000000 0.000000 9.731332 
10.143910 -0.285415 -0.000000 -0.285415 10.595514 0.000000 -0.000000 0.000000 9.566749 
9.174163 0.368915 0.000000 0.368915 9.390828 -0.000000 0.000000 -0.000000 9.008314 
8.950336 -0.354064 -0.000000 -0.354064 11.485259 -0.000000 -0.000000 -0.000000 9.432286 
11.165017 -0.729832 -0.000000 -0.729832 11.008733 -0.000000 -0.000000 -0.000000 9.926388 
9.615724 0.043627 0.000000 0.043627 8.696082 0.000000 0.000000 0.000000 9.083148 
9.653679 0.259887 0.000000 0.259887 10.007287 0.000000 0.000000 0.000000 9.263823 
8.414556 0.439237 0.000000 0.439237 11.044904 0.000000 0.000000 0.000000 9.159078 
16.381761 -0.442202 -0.000000 -0.442202 10.838861 0.000000 -0.000000 0.000000 10.631397 
10.427874 -0.570065 -0.000000 -0.570065 10.761260 0.000000 -0.000000 0.000000 9.706043 
11.250117 -0.058307 -0.000000 -0.058307 9.702225 0.000000 -0.000000 0.000000 9.569152 
11.601368 -2.102805 -0.000000 -2.102805 13.441110 0.000000 -0.000000 0.000000 10.357347 
11.242247 -0.388395 -0.000000 -0.388395 10.842491 -0.000000 -0.000000 -0.000000 9.838556 
10.104735 -0.207697 -0.000000 -0.207697 13.273255 0.000000 -0.000000 0.000000 9.957596 
14.663578 -1.818141 -0.000000 -1.818141 13.300382 -0.000000 -0.000000 -0.000000 10.949963 
10.628613 -0.430249 0.000000 -0.430249 9.912269 -0.000000 0.000000 -0.000000 9.687185 
8.755529 0.204372 0.000000 0.204372 7.774820 -0.000000 0.000000 -0.000000 8.644474 
11.422001 -1.069554 0.000000 -1.069554 13.325728 -0.000000 0.000000 -0.000000 10.285380 
10.829821 -0.168410 0.000000 -0.168410 12.650074 0.000000 0.000000 0.000000 10.013159 
10.445247 -0.509073 0.000000 -0.509073 9.984456 -0.000000 0.000000 -0.000000 9.667764 
9.033421 -0.104637 0.000000 -0.104637 9.012444 -0.000000 0.000000 -0.000000 9.050174 
10.859846 -0.135275 -0.000000 -0.135275 9.677488 -0.000000 -0.000000 -0.000000 9.535719 
12.197595 -1.234463 0.000000 -1.234463 12.815284 -0.000000 0.000000 -0.000000 10.390090 
14.937733 -0.317702 -0.000000 -0.317702 10.497762 0.000000 -0.000000 0.000000 10.347920 
12.515835 -0.242045 0.000000 -0.242045 12.109752 -0.000000 0.000000 -0.000000 10.229129 
13.391908 -2.128479 -0.000000 -2.128479 14.498514 0.000000 -0.000000 0.000000 10.848476 
13.303383 0.039760 -0.000000 0.039760 10.185613 -0.000000 -0.000000 -0.000000 9.931495 
9.089732 -0.142134 0.000000 -0.142134 9.156690 0.000000 0.000000 0.000000 9.094141 
16.271777 -1.447350 -0.000000 -1.447350 12.803008 0.000000 -0.000000 0.000000 11.090344 
8.888395 -0.263337 -0.000000 -0.263337 9.088667 -0.000000 -0.000000 -0.000000 9.106210 
15.786706 -1.529336 -0.000000 -1.529336 13.074458 0.000000 -0.000000 0.000000 11.051149 
9.798207 -0.092972 0.000000 -0.092972 9.908167 -0.000000 0.000000 -0.000000 9.344833 
11.387506 -0.918445 0.000000 -0.918445 11.433266 -0.000000 0.000000 -0.000000 10.048703 
8.874711 -0.076054 0.000000 -0.076054 8.755993 -0.000000 0.000000 -0.000000 8.997612 
14.027826 -2.376929 -0.000000 -2.376929 12.478336 0.000000 -0.000000 0.000000 10.848008 
10.764204 -0.038527 0.000000 -0.038527 10.527439 0.000000 0.000000 0.000000 9.627728 
11.712900 -0.265965 -0.000000 -0.265965 10.633796 0.000000 -0.000000 0.000000 9.860623 
12.176385 -0.445764 -0.000000 -0.445764 11.260425 -0.000000 -0.000000 -0.000000 10.071850 
15.110324 -0.804192 -0.000000 -0.804192 11.750026 0.000000 -0.000000 0.000000 10.667473 
10.867232 -0.157462 -0.000000 -0.157462 10.978284 0.000000 -0.000000 0.000000 9.746394 
12.339131 -0.822342 0.000000 -0.822342 11.159631 -0.000000 0.000000 -0.000000 10.208464 
12.975140 -0.611799 -0.000000 -0.611799 10.911089 -0.000000 -0.000000 -0.000000 10.237819 
8.677222 0.108645 -0.000000 0.108645 8.935496 0.000000 -0.000000 0.000000 8.868201 
12.580273 -0.387242 -0.000000 -0.387242 13.176953 0.000000 -0.000000 0.000000 10.423751 
9.311779 -0.323071 0.000000 -0.323071 12.939503 0.000000 0.000000 0.000000 9.728214 
14.266025 -0.321894 0.000000 -0.321894 12.303213 0.000000 0.000000 0.000000 10.531673 
9.561675 0.521581 -0.000000 0.521581 9.563044 -0.000000 -0.000000 -0.000000 9.093116 
11.984605 -0.274283 0.000000 -0.274283 10.205015 0.000000 0.000000 0.000000 9.859482 
11.283976 0.082975 -0.000000 0.082975 9.008952 0.000000 -0.000000 0.000000 9.513942 
7.679671 0.260517 0.000000 0.260517 9.194611 0.000000 0.000000 0.000000 8.638706 
9.618752 -0.101556 0.000000 -0.101556 9.044108 -0.000000 0.000000 -0.000000 9.244804 
10.683496 -0.979602 0.000000 -0.979602 14.097524 -0.000000 0.000000 -0.000000 10.222791 
10.448827 0.037971 -0.000000 0.037971 10.152784 -0.000000 -0.000000 -0.000000 9.485045 
10.883440 -0.394082 -0.000000 -0.394082 9.899391 0.000000 -0.000000 0.000000 9.804800 
8.685854 0.141816 -0.000000 0.141816 8.621092 0.000000 -0.000000 0.000000 8.792718 
12.033938 0.035574 0.000000 0.035574 8.712489 0.000000 0.000000 0.000000 9.390901 
10.606291 -1.723208 -0.000000 -1.723208 13.684464 -0.000000 -0.000000 -0.000000 10.152041 
12.436431 -0.291403 -0.000000 -0.291403 11.977660 -0.000000 -0.000000 -0.000000 10.200179 
10.725830 -0.107922 -0.000000 -0.107922 11.258606 0.000000 -0.000000 0.000000 9.760897 
10.036468 -0.319403 -0.000000 -0.319403 10.414626 0.000000 -0.000000 0.000000 9.524505 
10.517412 -0.589868 0.000000 -0.589868 10.226673 0.000000 0.000000 0.000000 9.703136 
9.687036 -0.432739 0.000000 -0.432739 10.841610 0.000000 0.000000 0.000000 9.526317 
10.381831 -0.833830 0.000000 -0.833830 15.107607 0.000000 0.000000 0.000000 10.275673 
11.136253 0.048276 -0.000000 0.048276 9.006178 0.000000 -0.000000 0.000000 9.461088 
14.668230 -2.303209 0.000000 -2.303209 15.594217 -0.000000 0.000000 -0.000000 11.189658 
10.049413 -1.000171 0.000000 -1.000171 10.893605 -0.000000 0.000000 -0.000000 9.694475 
8.930404 -0.049426 0.000000 -0.049426 9.152225 0.000000 0.000000 0.000000 9.017251 
10.262629 -0.373137 -0.000000 -0.373137 10.997939 -0.000000 -0.000000 -0.000000 9.666216 
9.173890 -0.330205 0.000000 -0.330205 10.449636 0.000000 0.000000 0.000000 9.333711 
12.570487 -0.227366 0.000000 -0.227366 12.558889 -0.000000 0.000000 -0.000000 10.310988 
12.420954 -1.659135 -0.000000 -1.659135 13.493642 0.000000 -0.000000 0.000000 10.538890 
9.121068 0.329989 -0.000000 0.329989 10.566304 -0.000000 -0.000000 -0.000000 9.254415 
16.143207 -1.321319 -0.000000 -1.321319 12.238151 -0.000000 -0.000000 -0.000000 11.074719 
9.388095 -0.624061 -0.000000 -0.624061 10.345660 0.000000 -0.000000 0.000000 9.417634 
14.382347 -0.097896 -0.000000 -0.097896 10.506720 -0.000000 -0.000000 -0.000000 10.176397 
9.216458 -0.472790 -0.000000 -0.472790 9.889852 0.000000 -0.000000 0.000000 9.297984 
9.289149 0.278342 -0.000000 0.278342 10.892049 -0.000000 -0.000000 -0.000000 9.358681 
12.777513 -0.528654 0.000000 -0.528654 10.586515 0.000000 0.000000 0.000000 10.412070 
14.507472 -1.164582 0.000000 -1.164582 13.128062 0.000000 0.000000 0.000000 10.797632 
9.185445 0.258948 0.000000 0.258948 9.761078 0.000000 0.000000 0.000000 9.116673 
12.622370 -0.270867 -0.000000 -0.270867 10.537259 0.000000 -0.000000 0.000000 9.994230 
10.669561 -0.701766 0.000000 -0.701766 13.441011 0.000000 0.000000 0.000000 10.126031 
10.061869 -0.297920 -0.000000 -0.297920 9.543207 0.000000 -0.000000 0.000000 9.473375 
10.485725 -0.392350 -0.000000 -0.392350 9.785791 0.000000 -0.000000 0.000000 9.659304 
8.644688 0.040262 -0.000000 0.040262 8.402638 -0.000000 -0.000000 -0.000000 8.825292 
9.557097 -1.028850 -0.000000 -1.028850 10.990444 -0.000000 -0.000000 -0.000000 9.567978 
9.990270 0.037249 -0.000000 0.037249 11.112607 0.000000 -0.000000 0.000000 9.574184 
10.616340 -0.669695 0.000000 -0.669695 12.270933 -0.000000 0.000000 -0.000000 9.954355 
13.532831 -0.148045 -0.000000 -0.148045 9.942657 0.000000 -0.000000 0.000000 10.004388 
11.575232 -0.373728 -0.000000 -0.373728 10.057666 0.000000 -0.000000 0.000000 9.881937 
10.626896 0.069713 -0.000000 0.069713 9.604189 -0.000000 -0.000000 -0.000000 9.397953 
12.514609 -0.296135 0.000000 -0.296135 10.121016 -0.000000 0.000000 -0.000000 10.101216 
13.048148 0.083170 -0.000000 0.083170 11.603769 -0.000000 -0.000000 -0.000000 10.188345 
11.794463 -0.505505 0.000000 -0.505505 12.578713 -0.000000 0.000000 -0.000000 10.209453 
10.845549 -0.231959 0.000000 -0.231959 10.967837 -0.000000 0.000000 -0.000000 9.752963 
9.548973 -0.382028 -0.000000 -0.382028 9.874334 -0.000000 -0.000000 -0.000000 9.362144 
10.752255 -0.649301 0.000000 -0.649301 11.398600 -0.000000 0.000000 -0.000000 9.864869 
11.779481 -0.643789 -0.000000 -0.643789 10.863618 0.000000 -0.000000 0.000000 10.019959 
11.659231 -0.167449 0.000000 -0.167449 10.752212 0.000000 0.000000 0.000000 9.847175 
9.068897 0.014399 0.000000 0.014399 9.304129 -0.000000 0.000000 -0.000000 9.054884 
10.933098 -0.563549 -0.000000 -0.563549 10.232260 0.000000 -0.000000 0.000000 9.808044 
14.313781 -0.192856 -0.000000 -0.192856 11.329836 -0.000000 -0.000000 -0.000000 10.347673 
9.862597 -0.177402 0.000000 -0.177402 9.271090 -0.000000 0.000000 -0.000000 9.351031 
14.189376 -0.593736 -0.000000 -0.593736 11.973710 0.000000 -0.000000 0.000000 10.506708 
8.268271 0.235306 -0.000000 0.235306 8.311607 -0.000000 -0.000000 -0.000000 8.587282 
14.657222 -0.410053 -0.000000 -0.410053 13.572403 0.000000 -0.000000 0.000000 10.804534 
13.975935 -0.500165 0.000000 -0.500165 10.939312 -0.000000 0.000000 -0.000000 10.336308 
9.377792 -0.420955 -0.000000 -0.420955 10.540824 0.000000 -0.000000 0.000000 9.409335 
10.429341 0.008540 -0.000000 0.008540 10.369880 -0.000000 -0.000000 -0.000000 9.528682 
11.590159 -1.637890 -0.000000 -1.637890 11.892389 -0.000000 -0.000000 -0.000000 10.216474 
10.254075 0.264915 -0.000000 0.264915 10.524604 -0.000000 -0.000000 -0.000000 9.485945 
10.112280 -0.517932 0.000000 -0.517932 11.162134 -0.000000 0.000000 -0.000000 9.678217 
12.111865 0.057428 -0.000000 0.057428 9.872364 -0.000000 -0.000000 -0.000000 9.689801 
13.949861 -1.032183 -0.000000 -1.032183 13.230836 0.000000 -0.000000 0.000000 10.708736 
11.692148 -0.844968 0.000000 -0.844968 11.932738 -0.000000 0.000000 -0.000000 10.145876 
12.482127 -0.854470 -0.000000 -0.854470 10.935926 -0.000000 -0.000000 -0.000000 10.295202 
12.025347 0.059762 -0.000000 0.059762 9.518951 -0.000000 -0.000000 -0.000000 9.593645 
8.950719 -0.614505 0.000000 -0.614505 10.795437 -0.000000 0.000000 -0.000000 9.353459 
9.350202 -0.151035 0.000000 -0.151035 11.332990 -0.000000 0.000000 -0.000000 9.491532 
9.373074 0.197019 0.000000 0.197019 8.433221 0.000000 0.000000 0.000000 8.841206 
10.411270 0.095440 -0.000000 0.095440 10.351538 -0.000000 -0.000000 -0.000000 9.506254 
14.565228 -0.661862 0.000000 -0.661862 11.784206 -0.000000 0.000000 -0.000000 10.548946 
11.551761 0.003685 0.000000 0.003685 11.080083 0.000000 0.000000 0.000000 9.859799 
11.634634 0.236352 0.000000 0.236352 11.407606 0.000000 0.000000 0.000000 9.909802 
11.239298 -0.540708 0.000000 -0.540708 12.678201 -0.000000 0.000000 -0.000000 10.125086 
13.981707 -0.865759 0.000000 -0.865759 12.841068 -0.000000 0.000000 -0.000000 10.641047 
12.315005 0.006070 0.000000 0.006070 9.907093 0.000000 0.000000 0.000000 9.742794 
9.034814 0.100910 -0.000000 0.100910 8.336372 -0.000000 -0.000000 -0.000000 8.861917 
13.563596 -0.266294 0.000000 -0.266294 10.625785 0.000000 0.000000 0.000000 10.140416 
11.313816 -0.785366 -0.000000 -0.785366 10.670585 0.000000 -0.000000 0.000000 9.977186 
11.012882 -0.329139 0.000000 -0.329139 10.371694 0.000000 0.000000 0.000000 9.719544 
8.730453 -0.198800 -0.000000 -0.198800 8.962205 0.000000 -0.000000 0.000000 9.013659 
12.157029 -0.517067 0.000000 -0.517067 10.894572 -0.000000 0.000000 -0.000000 10.046063 
14.646341 -0.849481 0.000000 -0.849481 14.555994 -0.000000 0.000000 -0.000000 10.977234 
11.358563 0.675752 -0.000000 0.675752 11.386603 0.000000 -0.000000 0.000000 9.821509 
10.576620 -0.423662 0.000000 -0.423662 10.855423 -0.000000 0.000000 -0.000000 9.719217 
13.095131 0.031296 0.000000 0.031296 9.149401 0.000000 0.000000 0.000000 9.720348 
11.619254 -0.304159 0.000000 -0.304159 10.079799 -0.000000 0.000000 -0.000000 9.807931 
8.605776 0.095995 -0.000000 0.095995 8.631990 -0.000000 -0.000000 -0.000000 8.796568 
11.307774 -0.532927 -0.000000 -0.532927 10.734418 0.000000 -0.000000 0.000000 9.878614 
12.895078 -0.587989 -0.000000 -0.587989 11.028756 0.000000 -0.000000 0.000000 10.210412 
12.861425 -1.283354 -0.000000 -1.283354 11.938397 -0.000000 -0.000000 -0.000000 10.463601 
13.117021 -1.104027 -0.000000 -1.104027 11.822957 0.000000 -0.000000 0.000000 10.462047 
14.115949 -0.312183 0.000000 -0.312183 10.510571 0.000000 0.000000 0.000000 10.228699 
11.344202 0.432723 0.000000 0.432723 11.672219 0.000000 0.000000 0.000000 9.893444 
11.971815 0.045492 -0.000000 0.045492 10.476018 0.000000 -0.000000 0.000000 9.802270 
13.365505 -1.718491 -0.000000 -1.718491 13.394758 0.000000 -0.000000 0.000000 10.714640 
9.450953 -0.314263 0.000000 -0.314263 9.755721 -0.000000 0.000000 -0.000000 9.306006 
12.802196 -0.728686 0.000000 -0.728686 12.389673 0.000000 0.000000 0.000000 10.379339 
12.962385 -1.160643 -0.000000 -1.160643 14.066157 -0.000000 -0.000000 -0.000000 10.668771 
9.757315 0.115587 -0.000000 0.115587 9.626432 -0.000000 -0.000000 -0.000000 9.232792 
8.631973 0.167348 -0.000000 0.167348 7.579755 -0.000000 -0.000000 -0.000000 8.473727 
14.584900 -0.943264 0.000000 -0.943264 11.976681 -0.000000 0.000000 -0.000000 10.655676 
15.523800 -1.603952 -0.000000 -1.603952 14.866645 -0.000000 -0.000000 -0.000000 11.195179 
11.306227 -0.484755 -0.000000 -0.484755 10.481541 0.000000 -0.000000 0.000000 9.844772 
9.669350 -0.479472 -0.000000 -0.479472 10.473269 0.000000 -0.000000 0.000000 9.480183 
13.879104 -0.083724 -0.000000 -0.083724 9.866051 0.000000 -0.000000 0.000000 10.144748 
10.234687 0.061612 -0.000000 0.061612 10.480649 -0.000000 -0.000000 -0.000000 9.503860 
12.228761 -0.062682 -0.000000 -0.062682 10.333671 -0.000000 -0.000000 -0.000000 9.836358 
7.923340 0.082691 -0.000000 0.082691 8.786497 -0.000000 -0.000000 -0.000000 8.660346 
13.981397 -1.015858 0.000000 -1.015858 13.929857 -0.000000 0.000000 -0.000000 10.803307 
11.667777 0.014068 -0.000000 0.014068 9.230340 0.000000 -0.000000 0.000000 9.526893 
11.301258 -1.894970 0.000000 -1.894970 13.239343 0.000000 0.000000 0.000000 10.269972 
14.110146 -1.725472 -0.000000 -1.725472 13.869006 0.000000 -0.000000 0.000000 10.886537 
12.505367 -0.867441 0.000000 -0.867441 11.678953 -0.000000 0.000000 -0.000000 10.275455 
13.406033 -2.465591 -0.000000 -2.465591 13.168488 -0.000000 -0.000000 -0.000000 10.744544 
7.362928 0.125511 -0.000000 0.125511 8.051962 -0.000000 -0.000000 -0.000000 8.346107 
9.996392 -0.260633 0.000000 -0.260633 9.449721 -0.000000 0.000000 -0.000000 9.486069 
8.122320 -0.022713 -0.000000 -0.022713 9.777171 0.000000 -0.000000 0.000000 8.912812 
12.108028 0.026969 -0.000000 0.026969 8.528192 -0.000000 -0.000000 -0.000000 9.353519 
10.399751 -0.132440 -0.000000 -0.132440 12.302661 -0.000000 -0.000000 -0.000000 9.870542 
13.163089 -0.230395 0.000000 -0.230395 11.040818 0.000000 0.000000 0.000000 10.141491 
9.698358 -0.971717 0.000000 -0.971717 11.201235 -0.000000 0.000000 -0.000000 9.628486 
8.538928 -0.441697 0.000000 -0.441697 9.413000 -0.000000 0.000000 -0.000000 9.045945 
10.020843 0.310045 -0.000000 0.310045 11.609649 -0.000000 -0.000000 -0.000000 9.640752 
12.310915 -0.733611 -0.000000 -0.733611 11.049460 0.000000 -0.000000 0.000000 10.166614 
11.221785 -0.480858 -0.000000 -0.480858 11.811696 0.000000 -0.000000 0.000000 9.989611 
10.483108 0.119084 0.000000 0.119084 8.489823 0.000000 0.000000 0.000000 9.113797 
16.957565 -0.569352 0.000000 -0.569352 12.615355 -0.000000 0.000000 -0.000000 10.963324 
9.316539 0.211535 -0.000000 0.211535 8.394024 -0.000000 -0.000000 -0.000000 9.020995 
8.072471 0.219498 -0.000000 0.219498 7.960450 -0.000000 -0.000000 -0.000000 8.457119 
9.954906 0.073448 -0.000000 0.073448 9.321345 -0.000000 -0.000000 -0.000000 9.219666 
9.082011 -0.026573 -0.000000 -0.026573 10.223628 0.000000 -0.000000 0.000000 9.230949 
11.692474 -0.457175 0.000000 -0.457175 10.785701 0.000000 0.000000 0.000000 9.932641 
11.441851 0.571781 -0.000000 0.571781 11.358277 -0.000000 -0.000000 -0.000000 9.838566 
11.915059 0.062290 -0.000000 0.062290 11.254804 0.000000 -0.000000 0.000000 9.945281 
13.100806 -0.240516 -0.000000 -0.240516 10.568397 -0.000000 -0.000000 -0.000000 10.057890 
8.884713 0.071793 -0.000000 0.071793 10.218013 -0.000000 -0.000000 -0.000000 9.169669 
10.648958 -0.877080 -0.000000 -0.877080 10.857977 -0.000000 -0.000000 -0.000000 9.832015 
11.127003 -1.388072 0.000000 -1.388072 14.274596 -0.000000 0.000000 -0.000000 10.348579 
9.913832 0.044034 0.000000 0.044034 9.914141 0.000000 0.000000 0.000000 9.337065 
10.875602 -0.405667 -0.000000 -0.405667 10.005953 0.000000 -0.000000 0.000000 9.715729 
10.484568 -1.316114 -0.000000 -1.316114 12.685467 -0.000000 -0.000000 -0.000000 10.011721 
8.746476 -0.663261 -0.000000 -0.663261 10.606191 -0.000000 -0.000000 -0.000000 9.273529 
10.239291 0.238069 0.000000 0.238069 11.908480 -0.000000 0.000000 -0.000000 9.743558 
10.764736 -0.169540 -0.000000 -0.169540 13.946843 -0.000000 -0.000000 -0.000000 10.192893 
10.320989 0.051194 0.000000 0.051194 7.916881 0.000000 0.000000 0.000000 8.872224 
10.886534 -0.816539 0.000000 -0.816539 12.459482 -0.000000 0.000000 -0.000000 10.048112 
12.403364 -1.019221 -0.000000 -1.019221 11.996183 0.000000 -0.000000 0.000000 10.316693 
9.602515 -0.035823 0.000000 -0.035823 11.698904 0.000000 0.000000 0.000000 9.596965 
10.865839 -0.390523 -0.000000 -0.390523 12.081442 -0.000000 -0.000000 -0.000000 9.951699 
9.801492 -0.081228 -0.000000 -0.081228 10.398701 -0.000000 -0.000000 -0.000000 9.427173 
9.235202 -0.541401 -0.000000 -0.541401 11.580381 0.000000 -0.000000 0.000000 9.530720 
10.824870 0.418725 0.000000 0.418725 11.056707 0.000000 0.000000 0.000000 9.681119 
14.623319 -1.648459 0.000000 -1.648459 12.936417 -0.000000 0.000000 -0.000000 10.896637 
10.159985 -0.209273 -0.000000 -0.209273 9.514035 0.000000 -0.000000 0.000000 9.598986 
13.126911 -0.674827 0.000000 -0.674827 13.223905 0.000000 0.000000 0.000000 10.542706 
15.356651 -1.843408 -0.000000 -1.843408 15.491178 0.000000 -0.000000 0.000000 11.261247 
9.309881 -0.527118 -0.000000 -0.527118 9.963105 -0.000000 -0.000000 -0.000000 9.342200 
12.143662 -0.610356 -0.000000 -0.610356 10.631011 0.000000 -0.000000 0.000000 10.094058 
10.795146 -0.295245 0.000000 -0.295245 9.731306 0.000000 0.000000 0.000000 9.667054 
10.457599 -0.218322 -0.000000 -0.218322 9.658886 -0.000000 -0.000000 -0.000000 9.499792 
11.932951 0.258662 -0.000000 0.258662 10.511866 -0.000000 -0.000000 -0.000000 9.770936 
16.782314 -0.898465 -0.000000 -0.898465 12.213853 0.000000 -0.000000 0.000000 10.939842 
9.140598 0.171070 0.000000 0.171070 8.220916 -0.000000 0.000000 -0.000000 8.897902 
11.981931 -0.136875 -0.000000 -0.136875 10.323585 0.000000 -0.000000 0.000000 9.817846 
9.590217 -0.024461 0.000000 -0.024461 11.255667 0.000000 0.000000 0.000000 9.520805 
9.076196 0.011292 -0.000000 0.011292 9.483179 0.000000 -0.000000 0.000000 9.089827 
9.278101 -0.178620 -0.000000 -0.178620 9.086635 0.000000 -0.000000 0.000000 9.190039 
9.957225 0.117719 -0.000000 0.117719 8.469798 -0.000000 -0.000000 -0.000000 9.046505 
11.232878 -2.360647 -0.000000 -2.360647 14.577565 0.000000 -0.000000 0.000000 10.373452 
8.790777 0.004871 0.000000 0.004871 8.635910 -0.000000 0.000000 -0.000000 8.892847 
15.482276 -1.228824 0.000000 -1.228824 13.137916 0.000000 0.000000 0.000000 10.946157 
10.139242 -0.306769 -0.000000 -0.306769 12.032624 0.000000 -0.000000 0.000000 9.788777 
9.336602 0.364643 0.000000 0.364643 9.625887 0.000000 0.000000 0.000000 9.097583 
12.513350 -1.359684 -0.000000 -1.359684 11.848361 0.000000 -0.000000 0.000000 10.406078 
11.268532 0.022948 -0.000000 0.022948 11.297181 -0.000000 -0.000000 -0.000000 9.849102 
13.627491 -0.229174 -0.000000 -0.229174 10.578858 -0.000000 -0.000000 -0.000000 10.128468 
9.511676 -0.188850 0.000000 -0.188850 12.300830 -0.000000 0.000000 -0.000000 9.679841 
9.391568 -0.221182 0.000000 -0.221182 9.603937 0.000000 0.000000 0.000000 9.245997 
10.460572 0.066601 -0.000000 0.066601 10.223449 -0.000000 -0.000000 -0.000000 9.495270 
9.079524 0.153167 0.000000 0.153167 7.797552 0.000000 0.000000 0.000000 8.618034 
9.515422 0.180637 0.000000 0.180637 8.909366 0.000000 0.000000 0.000000 9.007097 
9.706887 0.002608 0.002849 0.002608 10.478171 0.031319 0.002849 0.031319 9.469618 
11.128500 -0.362478 0.107682 -0.362478 10.602618 -0.029225 0.107682 -0.029225 9.798786 
11.815954 0.287115 -0.433472 0.287115 10.544569 -0.355486 -0.433472 -0.355486 10.200342 
10.556908 -0.758165 0.117803 -0.758165 10.018363 -0.042217 0.117803 -0.042217 9.496031 
10.556267 0.222658 -0.397805 0.222658 10.310555 -0.008498 -0.397805 -0.008498 9.811868 
10.050019 -0.301676 0.003857 -0.301676 9.822483 -0.104865 0.003857 -0.104865 9.485060 
11.579587 -0.304559 0.531842 -0.304559 10.501572 -0.020762 0.531842 -0.020762 9.988059 
9.825155 0.004894 0.703950 0.004894 9.311480 0.279398 0.703950 0.279398 10.482061 
9.101202 -0.066089 -0.045514 -0.066089 9.038612 -0.197019 -0.045514 -0.197019 9.412620 
9.747848 0.120404 0.173900 0.120404 9.835388 -0.242645 0.173900 -0.242645 10.702140 
9.388874 -0.042690 0.040814 -0.042690 9.708219 -0.060506 0.040814 -0.060506 10.057243 
9.296896 -0.072810 0.006625 -0.072810 9.277751 -0.361734 0.006625 -0.361734 10.104013 
9.725397 0.082369 0.454938 0.082369 9.430681 0.127199 0.454938 0.127199 10.049108 
10.397321 0.367969 -0.619315 0.367969 9.890977 -0.208184 -0.619315 -0.208184 10.693677 
10.997755 0.265516 0.248533 0.265516 9.980890 0.429765 0.248533 0.429765 10.490348 
