9.931967 9.93134179381
10.013642 10.0129665384
10.0137 10.0130252584
10.013725 10.013049356
9.931895 9.93127002459
9.666361 9.66568096444
9.931866 9.93124081535
9.931883 9.93125766727
10.28748 10.2867670588
9.666356 9.66567562541
9.931846 9.93122081263
9.814611 9.81401454171
10.104856 10.1041878619
10.008069 10.0074067327
9.82252 9.82189648279
9.577389 9.57673014474
9.687053 9.6864075619
10.025405 10.0247075665
9.810375 9.80977807683
9.74801 9.74739764586
9.823785 9.82318562176
9.643512 9.64285566557
9.62199 9.62134896005
9.765391 9.76476015391
9.476692 9.47602647069
9.486129 9.48545900567
9.963445 9.962810376
9.829137 9.82853621061
9.601985 9.60130803972
10.058399 10.0577279653
9.821669 9.82107155284
9.471683 9.47101609577
9.812495 9.81189814537
10.032281 10.0316265468
10.25017 10.249466659
9.915221 9.91457978558
9.679237 9.67859205212
9.774285 9.77368084522
9.833786 9.83316581547
9.626909 9.62627398552
9.591628 9.5909859955
10.122822 10.1221484767
9.759494 9.75888191253
9.804443 9.80384138517
10.045562 10.0449052122
10.150047 10.1493484222
10.104372 10.1036930348
10.104362 10.1036828085
9.803387 9.80272613791
8.994819 9.00103817885
9.356743 9.36704337308
10.099141 10.1003229844
8.99637 9.02752887476
8.978546 8.98370164616
11.0336 11.0109553497
10.076586 10.0742358266
11.485616 11.4892926899
9.792134 9.79975568843
11.13552 10.9577037704
10.824939 10.823186533
12.50347 12.505916874
8.755494 8.77618883235
11.991621 11.9380586084
8.424552 8.44309190733
9.258052 9.26255122439
7.547643 7.54746564411
11.095171 11.0957778851
8.793961 8.80183508088
9.103018 9.10379548168
10.020715 10.0347663698
10.256404 10.2547320378
10.934102 10.9306863454
11.26779 11.2677354357
13.128958 13.0862987789
10.677099 10.6770253346
8.141504 8.12790211904
8.950943 8.93832216693
13.500422 13.3528102819
8.821856 8.8211474434
9.498084 9.48738023727
11.138242 11.1333412825
9.895956 9.88762264079
13.652731 13.4682031598
10.185861 10.1808538091
10.303276 10.3126680622
11.698446 11.6947805978
8.872926 8.86801843261
12.195636 12.2422783273
11.758301 11.7149230858
10.482611 10.4782721747
12.144392 12.1360342147
11.087269 11.0825659674
13.54034 13.538497716
12.911981 12.9188627859
12.919617 12.9281283841
13.082341 13.0143461474
9.784988 9.77539767069
11.157917 11.1529788619
12.202063 12.2149742111
9.725368 9.72228568913
7.818175 7.82398575803
10.511576 10.4892372097
11.141119 11.1371382575
10.237463 10.2385231762
10.127955 10.1196035195
10.87201 10.8720992939
11.629337 11.6273098242
14.572324 14.5540324829
9.451046 9.44407654699
8.959074 8.96351607856
13.149208 13.1423697069
9.962514 9.96237272558
11.789353 11.7862490841
8.240675 8.25366314016
9.390467 9.3798972393
9.46505 9.46517349504
9.005439 9.01934275902
8.577215 8.59679658521
11.119747 11.1245837697
10.958198 10.9488823866
9.055553 9.06827392691
9.624858 9.59625534091
11.337368 11.291890672
11.414959 11.427059705
9.895863 9.89410762011
13.13452 13.283011282
12.994123 13.1454342514
13.108056 13.10672353
11.645963 11.668208569
13.871044 13.8591431364
10.72163 10.7202608871
8.917324 8.94424186735
9.572018 9.56975308742
11.427026 11.4284355664
10.729152 10.7252385884
10.340018 10.3010330973
10.023589 10.0385629437
10.970668 10.9752543776
12.742419 12.7879139953
12.448039 12.4178609039
10.144402 10.1547620912
9.324904 9.32564864965
8.996786 8.9896795796
9.939728 9.93716858737
14.778748 14.7718542178
9.814471 9.82358933923
12.125927 12.1242381081
13.527726 13.6220391233
13.714696 13.709166541
11.209944 11.2152903075
9.91071 9.91391734337
11.365342 11.3627778035
11.406899 11.4033008969
15.181377 14.8214347581
8.779123 8.81240485029
10.59331 10.5894721936
11.450192 11.446191315
9.184215 9.25797032967
12.96336 12.9680983359
10.365876 10.3784018051
9.593314 9.58973523129
8.577754 8.56469604078
12.172709 12.203385721
15.394285 15.2551364559
10.670257 10.6699069168
10.293224 10.292288739
13.09783 13.0500880093
12.545638 12.5650623884
12.682477 12.692985194
7.945272 7.94027911699
8.911215 8.91598946852
7.498648 7.4892745381
13.443775 13.5080559169
9.614482 9.61078468568
9.133763 9.14334400295
11.185194 11.1880560949
12.642226 12.7366271783
18.201784 17.4058594421
9.218577 9.21573705549
9.671322 9.66603095376
8.651437 8.61623285991
9.859811 9.86024781442
11.959635 11.9570557659
15.226753 15.0552436251
13.413541 13.4242388821
9.096288 9.10877796963
10.770286 10.7736212717
13.240653 13.2395363389
11.186083 11.1836649278
9.963114 9.96323712977
8.052685 8.08203624648
12.803422 12.822375046
12.194727 12.1669987284
12.402731 12.4869533909
11.008732 11.0139632855
9.450852 9.37641059754
10.133796 10.1334368133
11.849063 11.7871213953
15.806194 15.5473596177
9.901436 9.89917504697
8.133323 8.13223816743
11.33968 11.3286019839
8.892115 8.89110047564
15.045632 15.053642072
11.040464 11.0344187225
11.184752 11.1907918539
9.647764 9.64775976577
13.891837 13.7528972631
9.729322 9.72988281171
11.264385 11.270753908
10.328226 10.3033517067
9.972172 9.96949381599
12.232029 12.0967904994
7.576904 7.59081412424
9.730382 9.74366079174
11.301331 11.3018400315
9.702453 9.70396537209
13.124181 13.1426749898
7.89783 7.91781657927
11.176625 11.2090340305
11.548108 11.5408574437
10.464848 10.4694832548
9.619576 9.57925200945
7.603589 7.63883738018
9.066898 9.0859108406
8.192355 8.17447798898
11.908693 11.9092214305
12.720654 12.7110696205
8.834494 8.8403145024
10.959705 10.9477673255
11.924375 11.9371048961
7.930303 7.94332415389
7.94704 7.88580330549
7.720593 7.80028917223
8.38197 8.4385312146
9.923144 9.86557104069
9.461733 9.46207561449
10.281567 10.2082488062
10.354927 10.3543508289
9.888508 9.88834761219
8.645859 8.63278316628
8.663977 8.66624579946
10.319948 10.3169611193
10.82613 10.8241872198
14.480816 14.5471054849
14.729126 14.7811072855
10.748942 10.7503662158
9.742417 9.74043810397
9.113363 9.13422918562
12.341889 12.3367463021
9.312493 9.32329915893
9.48553 9.476470918
9.514951 9.51796761997
10.432158 10.3451755349
13.016056 13.0375373388
9.646318 9.63946088516
14.249971 14.2943798853
15.668694 15.5053492262
10.869052 10.8612399858
10.13228 10.1401377734
8.959044 8.96516484755
7.897753 7.8436359758
8.758171 8.76312342981
12.95085 12.921231121
9.858263 9.85351010722
10.823057 10.8188973339
9.900207 9.89478399025
9.197391 9.21036103366
11.175162 11.1768560189
10.413033 10.4118904156
12.539593 12.0873141631
10.232569 10.2328407734
10.611785 10.6139868892
8.398582 8.4474454987
12.153654 12.1502535879
10.948388 10.9142639094
13.405022 13.4778670276
11.145428 11.1407485132
12.224313 12.2568909534
8.83977 8.82523429456
10.949315 10.859576868
13.205591 13.1515535048
9.651726 9.65130398869
11.247884 11.2436787517
11.733285 11.7352052358
7.82619 7.83993839661
15.182562 15.1134360815
10.116261 10.1212310944
10.286656 10.2967761471
10.027505 10.0268207119
11.121327 11.1205858105
10.343259 10.3428288593
9.934819 9.93710086698
11.422041 11.4245355755
11.506698 11.5063697981
11.978382 11.9854857207
10.42878 10.4268378996
9.235078 9.23989926071
13.816022 13.788349331
8.587099 8.60853294759
10.248306 10.2460221406
12.074284 12.0635223762
10.376973 10.3454892994
9.488083 9.49855757628
9.94052 9.94010168057
8.114298 8.11349905761
9.091145 9.08277772684
11.550531 11.5568441531
9.999152 9.99980425189
8.63157 8.64789567514
11.701245 11.7005604098
13.004266 12.9949088296
9.634929 9.63476774892
9.488815 9.4561699014
10.612905 10.6156142842
8.218515 8.21743328012
11.687886 11.6868088472
10.052627 10.051906492
10.042941 10.0487797128
10.217054 10.2160443735
11.004287 10.9811939104
15.358241 15.2712319704
9.917863 9.92862461712
10.79323 10.8049843285
14.63896 14.5972005399
11.797469 11.7950684484
10.443866 10.4429402083
10.036752 10.0332332928
14.236244 14.3056328219
12.582408 12.5659950471
9.552482 9.55441379625
12.471232 12.4720832416
8.180902 8.1804751545
11.12811 11.1239002487
8.445362 8.45654952858
9.108985 9.12008954529
10.618578 10.6306981293
8.986556 8.99316580419
10.977272 10.9765792694
15.041718 14.8946645735
12.341908 12.3333987566
9.407016 9.40260620629
9.898322 9.89611237358
10.332819 10.3308209478
9.174872 9.17581855628
14.573119 14.5097791001
12.038476 12.043337597
9.021144 9.0459097848
9.784866 9.78450109588
8.843669 8.82005672474
10.054426 10.0512970614
12.375623 12.3784384587
9.232043 9.24246882204
11.426882 11.432082763
10.232757 10.230129532
9.12963 9.15278424411
11.596098 11.599102292
10.404952 10.3957856079
15.126923 15.1311330721
9.306269 9.30952873194
11.317373 11.3209634067
9.853505 9.86225112331
10.237949 10.2464984875
10.805897 10.8076286886
9.5482 9.54320582312
9.466947 9.46309494361
8.612441 8.55814075023
8.882618 8.89031619666
11.478301 11.4762136673
8.447744 8.4809005632
9.330068 9.31201560548
11.291595 11.2863130777
10.495496 10.4939398736
11.47584 11.4751003597
11.668166 11.6780768753
11.377791 11.3775883416
10.650621 10.6482947547
12.954685 12.9568997473
9.307885 9.31567460103
8.078246 8.05800699914
10.16243 10.161600205
9.041386 9.05018284054
9.63696 9.63664104212
11.783879 11.7883334473
10.657113 10.6492934238
13.259037 13.2458989451
12.118175 12.1335249343
9.529305 9.51298018213
10.14391 10.1425516319
9.174163 9.18487656833
11.165017 11.1687931565
9.615724 9.6099283411
8.414556 8.40681134326
10.427874 10.4282024844
11.250117 11.252280802
11.601368 11.4653874735
10.445247 10.456792207
12.197595 12.1926215277
14.937733 14.8034553867
12.515835 12.5379095965
13.391908 13.2976080912
16.271777 16.0684329326
9.798207 9.79951860957
8.874711 8.86117404084
11.7129 11.7109407071
12.176385 12.1780992802
15.110324 15.0453361102
10.867232 10.8620433418
12.339131 12.3394204332
8.677222 8.6952526821
14.266025 14.3284604745
7.679671 7.69875808162
9.618752 9.61453037643
10.683496 10.662361719
10.448827 10.4439301615
10.606291 10.5199539843
12.436431 12.4517573926
10.72583 10.7219490468
10.036468 10.035741927
10.517412 10.5265039122
11.136253 11.116761408
14.66823 14.5664372073
8.930404 8.93526307644
12.570487 12.6053410727
10.669561 10.6638287864
12.514609 12.4754120269
13.048148 13.1134349816
11.794463 11.8038143118
10.845549 10.8410282246
11.659231 11.6568111081
9.068897 9.07804826409
14.657222 14.7680586347
13.975935 13.9544816341
10.11228 10.1107863131
12.111865 12.1145603692
11.692148 11.6941710608
9.350202 9.34942970313
11.239298 11.243832608
13.981707 14.0034692664
9.034814 9.03028862274
11.313816 11.3206282347
8.730453 8.71719167399
12.157029 12.1588412263
8.605776 8.62321011253
11.307774 11.3097965927
12.895078 12.8949306698
11.344202 11.375520859
13.365505 13.3268861988
9.450953 9.45021478809
12.802196 12.8147471461
12.962385 12.975158797
9.757315 9.7611686241
8.631973 8.67642528484
15.5238 15.5123959504
13.879104 13.7294219233
10.234687 10.2295585828
12.228761 12.238911357
13.981397 14.018770446
11.667777 11.675692767
14.110146 14.0793461841
13.406033 13.1359963396
7.362928 7.37940020129
8.12232 8.12073252806
9.698358 9.67537654392
8.538928 8.51735050194
10.020843 10.0171504863
11.221785 11.2221336526
16.957565 16.7370379118
8.072471 8.13156990801
11.915059 11.9249950847
11.127003 11.0787093615
9.913832 9.91435075999
10.875602 10.8841299436
8.746476 8.72752167726
10.239291 10.2387218157
10.764736 10.7716236225
10.320989 10.2539463748
12.403364 12.405004415
9.235202 9.23085698811
14.623319 14.5378543717
10.159985 10.1608795612
12.143662 12.1439507101
10.457599 10.4576888241
11.932951 11.9400267254
16.782314 16.5313464617
9.140598 9.10314649154
9.957225 9.96482480469
11.232878 11.0225540665
15.482276 15.442790703
9.336602 9.34124490365
11.268532 11.2669346517
13.627491 13.6374608466
9.511676 9.51288866603
9.391568 9.39182366481
9.079524 9.10261826374
9.515422 9.53003217568
11.1285 11.1270434963
10.050019 10.0505856254
9.388874 9.39270808001
9.725397 9.72089764753
