-0.734398 -0.000000 -0.040971 
-0.636996 0.000000 0.367770 
-0.367778 -0.000000 0.636992 
-0.367877 -0.000000 0.636935 
-0.367828 0.000000 0.636963 
-0.367777 0.000000 0.636992 
-0.637054 0.000000 0.367671 
-0.000000 -0.000000 0.735540 
-0.000000 0.000000 0.735540 
-0.637083 0.000000 0.367621 
-0.637063 -0.000000 0.367655 
-0.000000 0.000000 0.735540 
-0.000102 -0.000000 0.735540 
-0.637098 -0.000000 0.367594 
-0.734579 0.000000 -0.037583 
-0.077194 0.000000 0.731478 
-0.719399 -0.000000 -0.153246 
-0.455325 0.000000 0.577666 
-0.458440 0.000000 0.575197 
-0.145482 0.000000 0.721010 
-0.651281 0.000000 0.341835 
-0.616029 -0.000000 0.401906 
-0.733282 -0.000000 0.057597 
-0.206967 0.000000 0.705821 
-0.722355 -0.000000 0.138641 
-0.653467 -0.000000 0.337640 
-0.307589 -0.000000 0.668138 
-0.020920 0.000000 -0.735243 
-0.461076 -0.000000 0.573087 
-0.092062 -0.000000 -0.729756 
-0.517403 0.000000 0.522794 
-0.378098 -0.000000 0.630921 
-0.730482 0.000000 0.086116 
-0.650440 0.000000 0.343433 
-0.724306 -0.000000 0.128063 
-0.094993 -0.000000 0.729380 
-0.360994 0.000000 0.640861 
-0.532214 0.000000 0.507708 
-0.463015 -0.000000 0.571521 
-0.564827 0.000000 -0.471157 
-0.263829 0.000000 0.686595 
-0.162852 -0.000000 -0.717286 
-0.072039 -0.000000 0.732003 
-0.600891 0.000000 0.424205 
-0.452582 0.000000 0.579818 
-0.492998 -0.000000 0.545868 
-0.718719 -0.000000 0.156405 
-0.735301 -0.000000 -0.018742 
-0.022259 -0.000000 0.735203 
-0.417885 -0.000000 0.605303 
-0.729007 0.000000 0.097812 
-0.126844 0.000000 0.724521 
-0.391514 0.000000 0.622685 
-0.730150 0.000000 0.088884 
-0.511888 -0.000000 0.528194 
-0.353668 0.000000 0.644933 
-0.203361 0.000000 0.706869 
-0.551986 -0.000000 0.486139 
-0.722166 0.000000 0.139628 
-0.454702 -0.000000 0.578156 
-0.324454 0.000000 -0.660112 
-0.462063 -0.000000 -0.572292 
-0.693156 -0.000000 -0.246079 
-0.006140 0.000000 0.735514 
-0.246303 -0.000000 0.693076 
-0.636005 -0.000000 0.369482 
-0.504128 -0.000000 0.535606 
-0.447994 -0.000000 0.583370 
-0.469952 -0.000000 0.565830 
-0.421028 -0.000000 -0.603120 
-0.410513 0.000000 0.610326 
-0.094772 -0.000000 0.729409 
-0.654691 0.000000 -0.335259 
-0.711404 -0.000000 0.186879 
-0.650299 0.000000 0.343702 
-0.501256 0.000000 0.538295 
-0.453657 0.000000 0.578977 
-0.197351 0.000000 -0.708570 
-0.168455 0.000000 0.715990 
-0.668554 0.000000 0.306683 
-0.668541 0.000000 0.306711 
-0.374042 0.000000 0.633334 
-0.374044 -0.000000 0.633332 
-0.083775 0.000000 0.730754 
-0.299030 -0.000000 0.672012 
-0.559748 -0.000000 0.477180 
-0.559737 -0.000000 0.477194 
-0.296599 0.000000 0.673089 
-0.392735 -0.000000 0.621915 
-0.642328 -0.000000 0.358378 
-0.189433 -0.000000 0.710728 
-0.703716 -0.000000 0.214017 
0.482147 0.557024 -0.000000 
0.613678 0.562735 -0.000000 
0.574724 0.564075 -0.000000 
0.379221 0.579043 -0.000000 
0.326828 0.561594 -0.000000 
0.602299 0.549164 0.000000 
0.602299 0.549164 0.000000 
0.309805 0.559153 0.000000 
0.526932 0.581486 -0.000000 
0.483486 0.549627 -0.000000 
0.417897 0.570310 -0.000000 
0.457718 0.570826 0.000000 
0.364720 0.621940 -0.000000 
0.498884 0.596332 -0.000000 
0.388288 0.568287 -0.000000 
0.319755 0.621234 -0.000000 
0.490457 0.531884 0.000000 
0.283160 0.520170 0.000000 
0.408930 0.608077 -0.000000 
0.321774 0.574056 0.000000 
0.123480 0.424872 -0.000000 
0.550418 0.596497 -0.000000 
0.495697 0.592845 0.000000 
0.440205 0.568009 0.000000 
0.488231 0.579291 0.000000 
0.517956 0.555359 -0.000000 
0.265228 0.624698 -0.000000 
0.414830 0.549310 0.000000 
0.326773 0.646166 -0.000000 
0.337657 0.536518 -0.000000 
0.541521 0.574301 -0.000000 
0.389473 0.569069 -0.000000 
0.551697 0.567736 0.000000 
0.434685 0.502349 -0.000000 
0.549693 0.573203 0.000000 
0.308991 0.586531 0.000000 
0.451448 0.549460 0.000000 
0.433807 0.582242 -0.000000 
0.573456 0.559857 -0.000000 
0.575456 0.603896 0.000000 
0.352468 0.561934 -0.000000 
0.561042 0.600373 -0.000000 
0.504013 0.587316 -0.000000 
0.450454 0.597575 0.000000 
0.456270 0.557551 -0.000000 
0.327032 0.551613 0.000000 
0.516370 0.601626 0.000000 
0.489984 0.553528 -0.000000 
0.417017 0.572981 0.000000 
0.564193 0.556149 -0.000000 
0.496552 0.598775 -0.000000 
0.511694 0.594883 -0.000000 
0.289097 0.565651 0.000000 
0.610712 0.538227 -0.000000 
0.457047 0.599298 -0.000000 
0.391874 0.513031 -0.000000 
0.412347 0.518277 0.000000 
0.585418 0.578953 -0.000000 
0.470667 0.608441 0.000000 
0.428479 0.594953 -0.000000 
0.550615 0.597022 0.000000 
0.446951 0.543519 0.000000 
0.640416 0.570939 -0.000000 
0.494921 0.586076 0.000000 
0.397126 0.645030 0.000000 
0.374760 0.594222 0.000000 
0.358293 0.551200 -0.000000 
0.333635 0.538488 -0.000000 
0.537009 0.574649 -0.000000 
0.525845 0.567603 0.000000 
0.390962 0.467123 -0.000000 
0.480766 0.554942 0.000000 
0.302852 0.633053 -0.000000 
0.469016 0.603692 -0.000000 
0.287459 0.595118 -0.000000 
0.540862 0.581746 -0.000000 
0.426656 0.545058 0.000000 
0.128010 0.440046 0.000000 
0.626405 0.577051 0.000000 
0.530904 0.624821 0.000000 
0.278799 0.540036 0.000000 
0.558605 0.544499 0.000000 
0.523394 0.584155 -0.000000 
0.224425 0.517336 -0.000000 
0.572683 0.551182 0.000000 
0.392727 0.525821 -0.000000 
0.350426 0.576273 0.000000 
0.647689 0.580516 -0.000000 
0.566718 0.577405 -0.000000 
0.485993 0.606224 -0.000000 
0.744025 0.523543 0.000000 
0.537557 0.589098 -0.000000 
0.488482 0.545738 0.000000 
0.145180 0.508658 0.000000 
0.523184 0.582279 -0.000000 
0.627840 0.563822 0.000000 
0.324597 0.516104 -0.000000 
0.578099 0.563803 -0.000000 
0.421628 0.593344 -0.000000 
0.235314 0.533991 -0.000000 
0.435732 0.593059 0.000000 
0.291107 0.587747 0.000000 
0.666616 0.570128 -0.000000 
0.206697 0.492651 -0.000000 
0.387283 0.536819 0.000000 
0.444401 0.547884 0.000000 
0.505199 0.604188 0.000000 
0.594182 0.583973 -0.000000 
0.507096 0.584907 -0.000000 
0.082294 0.559301 -0.000000 
0.445979 0.559872 -0.000000 
0.587773 0.581496 -0.000000 
0.221669 0.533922 -0.000000 
0.422336 0.523037 -0.000000 
0.350581 0.571447 0.000000 
0.517417 0.545974 0.000000 
0.492231 0.588296 0.000000 
0.559350 0.573214 -0.000000 
0.522872 0.587402 -0.000000 
0.680236 0.546380 -0.000000 
0.509707 0.537113 -0.000000 
0.128845 0.558280 0.000000 
0.700995 0.551780 0.000000 
0.527136 0.579319 0.000000 
0.513508 0.584422 0.000000 
0.535644 0.571817 -0.000000 
0.473474 0.604812 0.000000 
0.398678 0.562237 -0.000000 
0.204624 0.463806 0.000000 
0.462313 0.585107 0.000000 
0.458993 0.586103 0.000000 
0.447776 0.553665 -0.000000 
0.505936 0.585393 0.000000 
0.603476 0.573821 -0.000000 
0.399075 0.574965 0.000000 
0.365038 0.600117 0.000000 
0.483712 0.565704 -0.000000 
0.790978 0.476155 0.000000 
0.394522 0.572994 -0.000000 
0.551292 0.595219 -0.000000 
0.443443 0.581983 -0.000000 
0.554454 0.550151 -0.000000 
0.465703 0.578541 0.000000 
0.275534 0.571377 0.000000 
0.401177 0.588435 0.000000 
0.612676 0.563401 -0.000000 
0.708430 0.526880 -0.000000 
0.631869 0.538693 -0.000000 
0.666451 0.560629 0.000000 
0.669987 0.544917 -0.000000 
0.336463 0.494125 0.000000 
0.147348 0.566400 0.000000 
0.608939 0.547963 0.000000 
0.553997 0.538448 -0.000000 
0.578601 0.580976 -0.000000 
0.744720 0.544919 -0.000000 
0.680133 0.573640 -0.000000 
0.063030 0.553480 0.000000 
0.413455 0.563696 0.000000 
0.521935 0.590468 0.000000 
0.671141 0.569251 0.000000 
0.270431 0.513956 -0.000000 
0.500562 0.567587 0.000000 
0.462113 0.560584 -0.000000 
0.436937 0.572115 0.000000 
0.736935 0.538791 0.000000 
0.414364 0.580056 0.000000 
0.670317 0.536338 -0.000000 
0.373391 0.553444 0.000000 
0.577218 0.604703 0.000000 
0.553558 0.571343 0.000000 
0.430453 0.550328 0.000000 
0.515338 0.589536 0.000000 
0.253727 0.528817 0.000000 
0.226735 0.610297 -0.000000 
0.736068 0.524636 -0.000000 
0.298184 0.544850 0.000000 
0.737944 0.521550 -0.000000 
0.634737 0.536673 -0.000000 
0.753156 0.531760 -0.000000 
0.291502 0.569449 0.000000 
0.345396 0.581511 0.000000 
0.569444 0.579505 0.000000 
0.616167 0.588140 0.000000 
0.365790 0.499525 0.000000 
0.527614 0.611686 -0.000000 
0.567117 0.597750 -0.000000 
0.212204 0.503258 0.000000 
0.473540 0.599156 -0.000000 
0.368209 0.603826 -0.000000 
0.718458 0.539908 0.000000 
0.571531 0.577625 0.000000 
0.363051 0.581933 0.000000 
0.732197 0.529820 -0.000000 
0.550987 0.566928 0.000000 
0.336419 0.526701 0.000000 
0.586527 0.569105 -0.000000 
0.413801 0.587014 0.000000 
0.591030 0.597652 0.000000 
0.388140 0.581167 -0.000000 
0.589333 0.564359 -0.000000 
0.570591 0.589884 -0.000000 
0.458872 0.590840 -0.000000 
0.725464 0.536057 -0.000000 
0.139819 0.493788 -0.000000 
0.706101 0.561652 -0.000000 
0.437026 0.582148 -0.000000 
0.559524 0.588236 0.000000 
0.494420 0.563413 -0.000000 
0.665663 0.544616 -0.000000 
0.358458 0.573515 -0.000000 
0.218309 0.534749 -0.000000 
0.407586 0.542155 -0.000000 
0.733131 0.551058 0.000000 
0.334414 0.553399 -0.000000 
0.576535 0.585931 -0.000000 
0.657911 0.544592 -0.000000 
0.214301 0.433843 0.000000 
0.715143 0.543728 0.000000 
0.650161 0.572328 -0.000000 
0.519901 0.630473 -0.000000 
0.623688 0.523232 0.000000 
0.789227 0.498038 -0.000000 
0.506581 0.550845 0.000000 
0.523432 0.584732 -0.000000 
0.452537 0.647032 -0.000000 
0.426112 0.580227 0.000000 
0.323608 0.626919 -0.000000 
0.425455 0.639127 0.000000 
0.481576 0.547814 0.000000 
0.527447 0.569933 -0.000000 
0.290074 0.544441 -0.000000 
0.570295 0.610215 0.000000 
0.421192 0.616340 -0.000000 
0.723291 0.556191 -0.000000 
0.441684 0.543898 -0.000000 
0.560443 0.605114 -0.000000 
0.671868 0.560949 -0.000000 
0.593816 0.567688 -0.000000 
0.390941 0.597834 0.000000 
0.500206 0.535556 0.000000 
0.547976 0.526805 0.000000 
0.657530 0.567337 -0.000000 
0.458262 0.566380 0.000000 
0.526848 0.590637 0.000000 
0.428037 0.602058 -0.000000 
0.465805 0.617575 0.000000 
0.458447 0.582396 -0.000000 
0.487017 0.586316 0.000000 
0.372168 0.574522 0.000000 
0.379835 0.575861 -0.000000 
0.601174 0.592173 0.000000 
0.742430 0.514644 -0.000000 
0.525507 0.592925 0.000000 
0.513549 0.548504 -0.000000 
0.436514 0.611783 -0.000000 
0.525343 0.555567 -0.000000 
0.687277 0.568964 0.000000 
0.468444 0.542992 0.000000 
0.500016 0.524442 0.000000 
0.426791 0.524554 0.000000 
0.176761 0.539610 -0.000000 
0.605594 0.587280 0.000000 
0.598919 0.545814 -0.000000 
0.323011 0.561675 0.000000 
0.629344 0.585236 0.000000 
0.365994 0.523550 -0.000000 
0.618256 0.565859 -0.000000 
0.431617 0.574423 0.000000 
0.369429 0.599413 0.000000 
0.555795 0.559722 0.000000 
0.278329 0.593101 0.000000 
0.506471 0.579397 -0.000000 
0.537134 0.574288 0.000000 
0.612126 0.548306 0.000000 
0.732850 0.540932 0.000000 
0.456912 0.602104 0.000000 
0.367909 0.574652 0.000000 
0.428605 0.565115 0.000000 
0.591262 0.529673 0.000000 
0.510062 0.555578 -0.000000 
0.657230 0.550676 -0.000000 
-0.393280 -0.616527 0.000000 
0.231535 0.509275 0.000000 
0.600118 0.581833 0.000000 
0.541008 0.563836 -0.000000 
0.391237 -0.000194 -0.622415 
0.488260 0.606661 -0.000000 
0.748575 0.516561 0.000000 
0.370346 0.624313 -0.000000 
-0.386102 -0.448990 -0.432163 
0.711653 0.534540 -0.000000 
0.668267 0.575989 0.000000 
0.358073 0.564192 0.000000 
0.423527 0.498754 0.000000 
0.560887 0.600459 0.000000 
0.393625 0.625630 0.000000 
0.487526 0.541980 -0.000000 
0.454988 0.620774 -0.000000 
0.001032 0.000231 0.742659 
0.524106 0.599589 0.000000 
0.404212 0.604499 0.000000 
0.680917 0.540356 0.000000 
0.535555 0.603750 0.000000 
0.513698 0.603471 -0.000000 
0.528132 0.587457 0.000000 
0.459461 0.584793 0.000000 
0.662513 0.550377 -0.000000 
0.761040 0.521735 -0.000000 
0.641490 0.560908 -0.000000 
0.391288 0.484213 0.000000 
0.465615 0.579910 -0.000000 
0.622442 0.591757 -0.000000 
0.431027 0.501162 -0.000000 
0.751707 -0.000031 -0.000089 
0.534322 0.587764 -0.000000 
0.660812 0.577382 -0.000000 
0.547400 0.552985 -0.000000 
0.418635 0.638608 0.000000 
0.623263 0.567101 -0.000000 
0.559079 0.575283 -0.000000 
0.328593 0.624416 -0.000000 
0.333791 0.521509 -0.000000 
0.478593 0.572017 0.000000 
0.608883 0.528751 -0.000000 
0.489929 0.546900 -0.000000 
0.488551 0.601052 -0.000000 
0.750071 -0.000010 -0.000000 
0.644547 0.537459 0.000000 
0.551090 0.587341 0.000000 
0.301455 0.557587 -0.000000 
0.459148 0.563482 0.000000 
0.573654 0.594581 -0.000000 
0.499766 0.560564 -0.000000 
0.731751 0.541730 0.000000 
0.431923 0.531906 0.000000 
0.678362 0.545361 -0.000000 
0.157772 0.436992 0.000000 
0.169215 0.627942 0.000000 
0.189128 0.608660 0.000000 
0.534734 0.538061 -0.000000 
0.359862 0.640884 0.000000 
0.633876 0.552934 0.000000 
0.570542 0.569843 0.000000 
0.261355 0.628107 -0.000000 
0.513028 0.575324 -0.000000 
0.374162 0.600945 -0.000000 
0.723069 0.538321 0.000000 
0.281816 0.645046 -0.000000 
0.458895 0.576644 0.000000 
0.714961 0.541491 -0.000000 
0.162628 0.565761 -0.000000 
0.590619 0.560643 -0.000000 
0.467056 0.605700 0.000000 
0.702648 0.538043 -0.000000 
0.480583 0.562206 -0.000000 
0.264785 0.496076 0.000000 
0.624462 0.533694 0.000000 
0.640607 0.541908 -0.000000 
0.651820 0.528367 -0.000000 
0.525289 0.527530 0.000000 
0.627289 0.588523 -0.000000 
0.367068 0.474407 0.000000 
0.424769 0.562656 0.000000 
0.243662 0.525210 -0.000000 
0.647998 0.583296 0.000000 
0.221053 0.630838 0.000000 
0.417275 0.591171 0.000000 
-0.366643 0.347560 -0.512427 
0.330436 0.602491 -0.000000 
0.463813 0.593444 -0.000000 
0.473512 0.554079 -0.000000 
0.432138 0.605085 0.000000 
0.318555 0.545487 0.000000 
0.476984 0.559790 0.000000 
0.567423 0.555181 0.000000 
0.693414 0.526107 0.000000 
0.446853 0.575382 0.000000 
0.567589 0.596585 0.000000 
0.541377 0.598170 0.000000 
0.395831 0.574799 0.000000 
0.661621 0.553756 0.000000 
0.679472 0.533013 0.000000 
0.298280 0.563325 0.000000 
0.544092 0.573437 -0.000000 
0.497514 0.582272 0.000000 
0.368614 0.538056 -0.000000 
0.465810 0.578236 0.000000 
0.414534 0.474108 -0.000000 
0.604247 0.570460 0.000000 
0.434031 0.527990 -0.000000 
0.548597 0.592615 0.000000 
0.388398 0.577968 -0.000000 
0.698864 0.531165 0.000000 
0.395378 0.585230 -0.000000 
0.369979 0.612179 0.000000 
0.594050 0.585734 0.000000 
0.317117 0.567791 0.000000 
0.356367 0.508627 -0.000000 
0.562964 0.564595 -0.000000 
0.508325 0.544650 0.000000 
0.405930 0.523967 0.000000 
0.473289 0.587772 -0.000000 
0.322443 0.510680 0.000000 
0.555676 0.577350 -0.000000 
0.647360 0.562387 -0.000000 
0.749885 0.516593 0.000000 
0.429102 0.487426 0.000000 
0.410550 0.582620 0.000000 
0.550579 0.578592 0.000000 
0.196646 0.640706 -0.000000 
0.500511 0.575975 0.000000 
0.689238 0.553311 -0.000000 
0.633186 0.556472 0.000000 
0.479546 0.606692 -0.000000 
0.482128 0.571386 -0.000000 
0.523321 0.615677 0.000000 
0.199235 0.626667 0.000000 
0.486171 0.567419 0.000000 
0.528181 0.610976 -0.000000 
0.588853 0.586887 0.000000 
0.509865 0.588994 -0.000000 
0.650130 0.536519 0.000000 
0.284188 0.557198 0.000000 
0.264517 0.479555 -0.000000 
0.459120 0.585641 -0.000000 
0.257159 0.607062 0.000000 
0.425840 0.550642 0.000000 
0.414790 0.549510 0.000000 
0.645695 0.580898 0.000000 
0.567166 0.566560 0.000000 
0.357518 0.513241 -0.000000 
0.610064 0.575390 -0.000000 
0.601617 0.592304 0.000000 
0.629373 0.557606 -0.000000 
0.342532 0.564981 -0.000000 
0.575894 0.604338 -0.000000 
0.353590 0.621442 0.000000 
0.645460 0.573797 0.000000 
0.407729 0.550639 -0.000000 
0.298898 0.636211 -0.000000 
0.570837 0.546415 0.000000 
0.398538 0.589601 0.000000 
0.540902 0.585889 0.000000 
0.206429 0.473488 -0.000000 
0.597688 0.573835 0.000000 
0.459414 0.616061 -0.000000 
0.624754 0.542501 -0.000000 
0.650799 0.575618 0.000000 
0.444572 0.507444 -0.000000 
0.600322 0.571984 0.000000 
0.354450 0.612798 -0.000000 
0.103463 0.472234 -0.000000 
0.551091 0.600277 0.000000 
0.542990 0.595241 -0.000000 
0.583770 0.575033 -0.000000 
0.363220 0.519387 -0.000000 
0.458109 0.559504 -0.000000 
0.316199 0.561169 0.000000 
0.267689 0.532237 -0.000000 
0.462098 0.588144 -0.000000 
0.314435 0.470003 0.000000 
0.434359 0.590077 0.000000 
0.467383 0.579143 0.000000 
0.497978 0.578218 0.000000 
0.376684 0.539991 -0.000000 
0.510853 0.602996 0.000000 
0.542066 0.561298 -0.000000 
0.474414 0.586085 0.000000 
0.357828 0.566311 -0.000000 
0.366605 0.593691 0.000000 
0.204120 0.601034 -0.000000 
0.534957 0.615783 -0.000000 
0.456409 0.613217 -0.000000 
0.536584 0.598726 -0.000000 
0.670989 0.556831 -0.000000 
0.439386 0.583768 -0.000000 
0.248315 0.472228 0.000000 
0.606020 0.569346 0.000000 
0.437336 0.533041 -0.000000 
0.373459 0.536476 0.000000 
0.459231 0.562180 -0.000000 
0.530669 0.596557 0.000000 
0.463132 0.538135 -0.000000 
0.474536 0.581968 0.000000 
0.559675 0.559712 -0.000000 
0.447430 0.580189 0.000000 
0.560289 0.568738 -0.000000 
0.499606 0.588466 -0.000000 
0.419475 0.532035 -0.000000 
0.582414 0.561409 -0.000000 
0.405812 0.537005 0.000000 
0.381755 0.462954 0.000000 
0.299180 0.623229 0.000000 
0.197426 0.543336 -0.000000 
0.513711 0.592025 0.000000 
0.663606 0.536699 -0.000000 
0.565228 0.569919 0.000000 
0.623379 0.553540 0.000000 
0.168896 0.468046 0.000000 
0.345245 0.581579 -0.000000 
0.562444 0.588756 -0.000000 
0.520681 0.586780 0.000000 
0.502396 0.599700 0.000000 
0.308663 0.586503 -0.000000 
0.554576 0.564568 0.000000 
0.292250 0.602543 -0.000000 
0.386501 0.581640 -0.000000 
0.598465 0.568540 0.000000 
0.216133 0.518475 -0.000000 
0.524781 0.573367 0.000000 
0.455429 0.572813 -0.000000 
0.347541 0.552856 0.000000 
0.344273 0.550636 -0.000000 
0.529447 0.595084 -0.000000 
0.554105 0.583907 0.000000 
0.449492 0.593762 0.000000 
0.409460 0.554520 0.000000 
0.567217 0.589241 0.000000 
0.520079 0.575383 0.000000 
0.423143 0.523565 0.000000 
0.355685 0.580647 -0.000000 
0.470689 0.562252 -0.000000 
0.424247 0.587956 -0.000000 
0.465835 0.584660 0.000000 
0.496475 0.558559 0.000000 
0.199991 0.435336 -0.000000 
0.276910 0.573934 0.000000 
0.414097 0.561659 -0.000000 
0.264090 0.503926 -0.000000 
0.607133 0.547592 -0.000000 
0.601138 0.565282 -0.000000 
0.376491 0.544124 -0.000000 
0.428637 0.565107 0.000000 
0.321595 0.552964 0.000000 
0.335290 0.567058 0.000000 
0.452962 0.627387 -0.000000 
0.358326 0.575471 -0.000000 
0.550759 0.543058 0.000000 
0.491378 0.587475 -0.000000 
0.266352 0.531499 -0.000000 
0.380728 0.562418 0.000000 
0.416608 0.533083 0.000000 
0.350842 0.594823 -0.000000 
0.445708 0.606958 0.000000 
0.600072 0.560112 0.000000 
0.611245 0.571997 0.000000 
0.607287 0.561870 0.000000 
0.373112 0.616861 0.000000 
0.561696 0.596516 0.000000 
0.601624 0.590293 -0.000000 
0.265279 0.547322 -0.000000 
0.567901 0.581460 -0.000000 
0.462258 0.570492 -0.000000 
0.658273 0.554165 0.000000 
0.397387 0.586673 0.000000 
0.356627 0.576301 -0.000000 
0.540830 0.594616 -0.000000 
0.603911 0.571388 -0.000000 
0.392345 0.636097 0.000000 
0.629527 0.562200 0.000000 
0.502505 0.569043 -0.000000 
0.239009 0.522826 -0.000000 
0.250006 0.525622 0.000000 
0.430273 0.634816 -0.000000 
0.254274 0.628566 0.000000 
0.685434 0.560468 -0.000000 
0.497880 0.563176 -0.000000 
0.526895 0.553340 0.000000 
0.317293 0.574698 0.000000 
0.539880 0.548078 -0.000000 
0.365806 0.549277 0.000000 
0.481424 0.552639 0.000000 
0.442006 0.616270 0.000000 
0.214818 0.436226 0.000000 
0.375852 0.570056 -0.000000 
0.243586 0.614057 0.000000 
0.507079 0.540740 -0.000000 
0.535537 0.597663 0.000000 
0.629419 0.558477 0.000000 
0.391784 0.625931 -0.000000 
0.416407 0.576347 0.000000 
0.271159 0.584713 0.000000 
0.486870 0.582719 0.000000 
0.427974 0.543583 0.000000 
0.537127 0.557536 -0.000000 
0.583480 0.558277 -0.000000 
0.489793 0.574077 0.000000 
0.463525 0.599725 0.000000 
0.090277 0.499322 -0.000000 
0.664501 0.548242 0.000000 
0.543774 0.555744 0.000000 
0.506487 0.569581 0.000000 
0.561741 0.566399 0.000000 
0.396694 0.607392 0.000000 
0.450872 0.579827 -0.000000 
0.574196 0.558632 0.000000 
0.561157 0.571842 0.000000 
0.620460 0.554025 -0.000000 
0.402627 0.577606 0.000000 
0.375052 0.583635 -0.000000 
0.664988 0.553432 0.000000 
0.501756 0.589139 -0.000000 
0.614087 0.588063 0.000000 
0.177147 0.503032 -0.000000 
0.665537 0.568874 -0.000000 
0.470230 0.612486 0.000000 
0.325099 0.534214 -0.000000 
0.548547 0.585947 -0.000000 
0.271701 0.575494 -0.000000 
0.541315 0.565619 -0.000000 
0.621649 0.540628 0.000000 
0.551506 0.606526 -0.000000 
0.525183 0.555487 -0.000000 
0.287596 0.625973 0.000000 
0.266796 0.544432 0.000000 
0.289116 0.576895 0.000000 
0.619724 0.567889 -0.000000 
0.490254 0.587863 -0.000000 
0.380314 0.595015 -0.000000 
0.601903 0.589414 -0.000000 
0.641820 0.582385 -0.000000 
0.538622 0.585152 0.000000 
0.272882 0.471186 -0.000000 
0.565467 0.579083 0.000000 
0.361713 0.582341 0.000000 
0.648456 0.577425 -0.000000 
0.486891 0.592556 -0.000000 
0.354792 0.535233 -0.000000 
0.541425 0.583399 0.000000 
0.642619 0.555164 -0.000000 
0.306793 0.585992 0.000000 
0.565243 0.577041 0.000000 
0.575253 0.558058 -0.000000 
0.457919 0.568058 0.000000 
0.187977 0.571373 0.000000 
0.576131 0.581767 0.000000 
0.493551 0.574116 0.000000 
0.497225 0.556686 -0.000000 
0.538184 0.602626 0.000000 
0.472808 0.597878 0.000000 
0.560385 0.594302 0.000000 
0.393108 0.579414 -0.000000 
0.375822 0.610273 0.000000 
0.277264 0.600783 -0.000000 
0.572161 0.527894 0.000000 
0.286382 0.599827 -0.000000 
0.497902 0.603792 0.000000 
0.491396 0.580703 0.000000 
0.487513 0.608221 -0.000000 
0.493100 0.576919 -0.000000 
0.477348 0.604781 -0.000000 
0.602963 0.586635 -0.000000 
0.357351 0.569865 0.000000 
0.378000 0.592539 -0.000000 
0.453294 0.623625 -0.000000 
0.337846 0.566030 -0.000000 
0.575961 0.593755 0.000000 
0.356319 0.641674 0.000000 
0.453774 0.561398 -0.000000 
0.483143 0.526685 -0.000000 
0.471682 0.594720 0.000000 
0.695979 0.533817 0.000000 
0.452615 0.623701 0.000000 
0.347738 0.579022 -0.000000 
0.442138 0.550095 0.000000 
0.649378 0.559625 -0.000000 
0.615170 0.580950 -0.000000 
0.465691 0.528277 -0.000000 
0.378580 0.590771 0.000000 
0.543122 0.568256 -0.000000 
0.210629 0.618230 0.000000 
0.470317 0.587106 0.000000 
0.546891 0.612478 -0.000000 
0.304313 0.562744 0.000000 
0.263830 0.520755 0.000000 
0.467269 0.536468 0.000000 
0.423887 0.618635 0.000000 
0.572323 0.600408 0.000000 
0.239638 0.525767 0.000000 
0.383400 0.565343 0.000000 
0.473408 0.566162 0.000000 
0.375360 0.602316 0.000000 
0.493768 0.544534 -0.000000 
0.596259 0.588410 0.000000 
0.320837 0.602447 -0.000000 
0.743838 0.535335 0.000000 
0.382408 0.569485 -0.000000 
0.358068 0.541935 -0.000000 
0.211573 0.524521 0.000000 
0.364643 0.556249 -0.000000 
0.505155 0.584519 -0.000000 
0.330683 0.584011 0.000000 
0.302706 0.533880 0.000000 
-0.030038 0.497939 -0.000000 
0.578796 0.580892 -0.000000 
0.514474 0.580769 -0.000000 
0.495574 0.586284 0.000000 
0.440307 0.557741 -0.000000 
0.550978 0.589409 -0.000000 
0.328574 0.553587 0.000000 
0.384484 0.547282 0.000000 
0.539664 0.571709 -0.000000 
0.582531 0.596472 -0.000000 
0.497056 0.627026 -0.000000 
0.621257 0.583810 -0.000000 
0.782789 0.490390 0.000000 
0.464127 0.563247 -0.000000 
0.419061 0.508614 -0.000000 
0.568335 0.575308 -0.000000 
0.312819 0.522873 0.000000 
0.446903 0.630453 0.000000 
0.592583 0.575058 0.000000 
0.202487 0.469282 0.000000 
0.555842 0.563080 -0.000000 
0.698133 0.533138 -0.000000 
0.289475 0.641307 0.000000 
0.578670 0.589968 -0.000000 
0.567961 0.590713 0.000000 
0.444020 0.592666 -0.000000 
0.269292 0.548582 -0.000000 
0.423885 0.606204 -0.000000 
0.480072 0.632350 -0.000000 
0.444951 0.528219 -0.000000 
0.375680 0.597871 0.000000 
0.214908 0.587720 0.000000 
0.455050 0.578890 -0.000000 
0.465604 0.600413 0.000000 
0.424786 0.606031 -0.000000 
0.607533 0.589169 0.000000 
0.329323 0.606044 -0.000000 
0.632370 0.570327 0.000000 
0.297093 0.499941 0.000000 
0.296977 0.595225 -0.000000 
0.680956 0.559784 -0.000000 
0.300582 0.583257 -0.000000 
0.620255 0.577423 0.000000 
0.182462 0.408223 -0.000000 
0.448750 0.587513 -0.000000 
0.631949 0.562100 0.000000 
0.519629 0.572188 -0.000000 
0.479209 0.622182 0.000000 
0.278079 0.525087 -0.000000 
0.227757 0.499319 -0.000000 
0.371060 0.545215 0.000000 
0.220471 0.608244 0.000000 
0.582918 0.588758 0.000000 
0.449079 0.615074 0.000000 
0.524275 0.552148 -0.000000 
0.321292 0.517183 -0.000000 
0.607593 0.564816 0.000000 
0.318054 0.477708 0.000000 
0.701826 0.559972 0.000000 
0.526298 0.602784 0.000000 
0.525343 0.591778 0.000000 
0.346662 0.579419 0.000000 
0.411168 0.601198 0.000000 
0.364934 0.564707 -0.000000 
0.561390 0.581927 -0.000000 
0.509561 0.579179 0.000000 
0.266758 0.531829 -0.000000 
0.643616 0.573714 -0.000000 
0.311254 0.528166 0.000000 
0.526716 0.584095 -0.000000 
0.619595 0.544439 0.000000 
0.629639 0.587909 -0.000000 
0.456603 0.555256 0.000000 
0.401589 0.605280 -0.000000 
0.582968 0.579434 0.000000 
0.138741 0.570487 -0.000000 
0.666279 0.559638 0.000000 
0.424661 0.606069 0.000000 
0.677138 0.552938 -0.000000 
0.476679 0.595373 -0.000000 
0.406970 0.597280 0.000000 
0.232322 0.504545 0.000000 
0.682005 0.547676 0.000000 
0.343595 0.620426 0.000000 
0.513844 0.608065 0.000000 
0.681069 0.528687 -0.000000 
0.615611 0.572792 0.000000 
0.495016 0.575659 0.000000 
0.626387 0.576318 -0.000000 
0.696182 0.557775 -0.000000 
0.507446 0.608827 0.000000 
0.496229 0.592649 0.000000 
0.645843 0.560170 -0.000000 
0.451095 0.550417 0.000000 
0.548162 0.570104 -0.000000 
0.244111 0.537204 -0.000000 
0.449521 0.578627 -0.000000 
0.268421 0.544515 -0.000000 
0.432144 0.572538 -0.000000 
0.567839 0.598258 0.000000 
0.797058 0.502748 -0.000000 
0.445932 0.594352 0.000000 
0.567007 0.544502 -0.000000 
0.414528 0.553402 0.000000 
0.514074 0.568419 0.000000 
0.398191 0.576344 -0.000000 
0.420864 0.562770 -0.000000 
0.273407 0.555921 0.000000 
0.322704 0.557658 0.000000 
0.503889 0.556007 -0.000000 
0.726459 0.544863 -0.000000 
0.657367 0.563803 0.000000 
0.323107 0.588826 -0.000000 
0.368025 0.580473 0.000000 
0.487043 0.595775 -0.000000 
0.468563 0.608548 0.000000 
0.596963 0.568972 0.000000 
0.645599 0.523654 0.000000 
0.412126 0.560951 0.000000 
0.465906 0.595516 0.000000 
0.383267 0.566026 -0.000000 
0.377451 0.597891 -0.000000 
0.425165 0.491774 -0.000000 
0.596730 0.578636 0.000000 
0.610011 0.570509 0.000000 
0.493961 0.580997 0.000000 
0.509535 0.600898 0.000000 
0.555425 0.555918 -0.000000 
0.235100 0.621304 -0.000000 
0.368692 0.590090 -0.000000 
0.387536 0.578203 0.000000 
0.105751 0.560363 0.000000 
0.476832 0.570953 0.000000 
0.215270 0.484854 0.000000 
0.480591 0.601409 -0.000000 
0.697614 0.530727 0.000000 
0.563603 0.601531 -0.000000 
0.586610 0.578239 -0.000000 
0.269363 0.612723 -0.000000 
0.231658 0.574790 0.000000 
0.646638 0.573955 0.000000 
0.351481 0.556323 -0.000000 
0.493195 0.601506 -0.000000 
0.596570 0.547437 -0.000000 
0.611369 0.585060 0.000000 
0.322950 0.471894 0.000000 
0.611820 0.540127 0.000000 
0.575341 0.567210 0.000000 
0.521867 0.593894 -0.000000 
0.442411 0.578019 -0.000000 
0.778191 0.515791 0.000000 
0.657692 0.569962 -0.000000 
0.548634 0.571846 0.000000 
0.548182 0.590263 0.000000 
0.257931 0.572424 0.000000 
0.394344 0.631735 0.000000 
0.572153 0.576992 -0.000000 
0.322555 0.540082 0.000000 
0.313122 0.627928 0.000000 
0.306667 0.621119 0.000000 
0.635782 0.579636 -0.000000 
0.577011 0.605041 0.000000 
0.724041 0.508599 -0.000000 
0.428828 0.615323 0.000000 
0.369445 0.584087 -0.000000 
0.553979 0.602169 -0.000000 
0.515986 0.605108 0.000000 
0.529673 0.590428 0.000000 
0.416393 0.625772 -0.000000 
0.721634 0.542263 -0.000000 
0.306736 0.555842 0.000000 
0.150305 0.418532 -0.000000 
0.537829 0.599855 -0.000000 
0.451319 0.597682 -0.000000 
0.281721 0.580735 0.000000 
0.321589 0.533046 -0.000000 
0.302874 0.516439 -0.000000 
0.401727 0.559384 0.000000 
0.755865 0.527318 0.000000 
0.474881 0.563636 -0.000000 
0.380451 0.515402 -0.000000 
0.561783 0.574405 0.000000 
0.553423 0.598102 -0.000000 
0.516395 0.582053 -0.000000 
0.269408 0.524697 -0.000000 
0.528486 0.550355 0.000000 
0.237385 0.642528 -0.000000 
0.414666 0.561630 0.000000 
0.446058 0.579398 0.000000 
0.513820 0.609816 0.000000 
0.689547 0.539719 -0.000000 
0.228670 0.552463 0.000000 
0.623374 0.578960 0.000000 
0.567515 0.570419 0.000000 
0.522872 0.614784 -0.000000 
0.402018 0.580557 -0.000000 
0.605805 0.573407 0.000000 
0.672369 0.520590 -0.000000 
0.633330 0.550575 -0.000000 
0.656083 0.343402 0.018265 
0.340848 0.648420 0.027360 
-0.002128 -0.650578 0.340821 
0.118097 -0.598164 0.431634 
0.079663 -0.744106 -0.139967 
-0.239861 -0.594323 0.312553 
0.558952 0.516458 0.238278 
0.453421 0.496511 0.138610 
0.245960 0.624503 -0.109797 
0.408968 0.568603 -0.176777 
-0.090385 0.740116 -0.008521 
0.182391 0.644546 -0.200029 
0.556747 0.434545 -0.028442 
0.590648 0.445964 0.128857 
0.012748 -0.374083 -0.711168 
