-76.3489282585
-76.3489282275
-76.3489282500
-76.3489282483
-76.3489282503
-76.3489282924
-76.3489282625
-76.3489282246
-76.3489282480
-76.3489282501
-76.3489282856
-76.3489282480
-76.3489282521
-76.3489282457
-76.3489282718
-76.3489282599
-76.3489282594
-76.3489282797
-76.3489282709
-76.3489282814
-76.3489282850
-76.3489282608
-76.3489282676
-76.3489282524
-76.3489282700
-76.3489282780
-76.3489282408
-76.3489282758
-76.3489282424
-76.3489282732
-76.3489282561
-76.3489282654
-76.3489282976
-76.3489282488
-76.3489282696
-76.3489282713
-76.3489282916
-76.3489282927
-76.3489282783
-76.3489282502
-76.3489282441
-76.3489282691
-76.3489282998
-76.3489282675
-76.3489282542
-76.3489282710
-76.3489282373
-76.3489282762
-76.3489283062
-76.3489282653
-76.3489282778
-76.3489282273
-76.3489282866
-76.3489282774
-76.3489282818
-76.3489282615
-76.3489282680
-76.3489283020
-76.3489282632
-76.3489283355
-76.3489282625
-76.3489282469
-76.3489282801
-76.3489282742
-76.3489282819
-76.3489282946
-76.3489282646
-76.3489283067
-76.3489282450
-76.3489282848
-76.3489282620
-76.3489282730
-76.3489282748
-76.3489282666
-76.3489282488
-76.3489282793
-76.3489282828
-76.3489282733
-76.3489282708
-76.3489282407
-76.3489282850
-76.3489282790
-76.3489282747
-76.3489282664
-76.3489282661
-76.3489282636
-76.3489282653
-76.3489282726
-76.3489282774
-76.3489282497
-76.3489282750
-76.3489282531
-76.3341980370
-76.3372028332
-76.3376662147
-76.3471675099
-76.3373720314
-76.3249434900
-76.3249434900
-76.3424400436
-76.3444276812
-76.3315817321
-76.3191414571
-76.3432278464
-76.3275003860
-76.3316884069
-76.3392921607
-76.2995154218
-76.3168565163
-76.3079671636
-76.3392339052
-76.3334860744
-76.2921732522
-76.3217698811
-76.3429332963
-76.3474049014
-76.3486964158
-76.3356033701
-76.2969946500
-76.3426197754
-76.2774820547
-76.3369740929
-76.3431336015
-76.3282771043
-76.3359243450
-76.3103462892
-76.3305017578
-76.3382872726
-76.3197239342
-76.3060016905
-76.3287192560
-76.3047236880
-76.3431436061
-76.3023065688
-76.3458266816
-76.2924771010
-76.3403079807
-76.3252884677
-76.3336351903
-76.3271894867
-76.3455733772
-76.3341078192
-76.3429429458
-76.3400254107
-76.3329037630
-76.2972441806
-76.3337042118
-76.3179239416
-76.3035636708
-76.3421982305
-76.3350273073
-76.3440126188
-76.3368856971
-76.3032521192
-76.3312911150
-76.3349932682
-76.2967248763
-76.3404728616
-76.3343371253
-76.3355698929
-76.3431244240
-76.3372707858
-76.3006571678
-76.3355995149
-76.3107098633
-76.3359856930
-76.3329462171
-76.3412699967
-76.3390467124
-76.2992088800
-76.3334856720
-76.2905431262
-76.3410298618
-76.3136937896
-76.3472559998
-76.3175130646
-76.3104350463
-76.3260234390
-76.3403334927
-76.3122658719
-76.3384539263
-76.3376720005
-76.3048799837
-76.3435367944
-76.3259940977
-76.3211686914
-76.3424323295
-76.3374277036
-76.3110388872
-76.3142930890
-76.3167087708
-76.3354832695
-76.3176719830
-76.3247596986
-76.3215143820
-76.3120961783
-76.3388361857
-76.3376381358
-76.3192437577
-76.3369033625
-76.3464478477
-76.3013534441
-76.3408319052
-76.2864848366
-76.3276855539
-76.3270066350
-76.3464021921
-76.3096670704
-76.3416794190
-76.3444903574
-76.3420881175
-76.3293630022
-76.3166097837
-76.3091092266
-76.3225211470
-76.3381364342
-76.3478100341
-76.3074893630
-76.3117839991
-76.3241468554
-76.3266061127
-76.3446645455
-76.3305916771
-76.3234810639
-76.3479776079
-76.3230888441
-76.3486291771
-76.3245244655
-76.3256089403
-76.2831851529
-76.3477316325
-76.3390483417
-76.3491647509
-76.3050407206
-76.3407823527
-76.3386266405
-76.3454233730
-76.3338162065
-76.3015935547
-76.3012735227
-76.3300603402
-76.3240016494
-76.3229767637
-76.3120477221
-76.3156539871
-76.3062568842
-76.3425411523
-76.2939400790
-76.2904448694
-76.2792827450
-76.3232070884
-76.3237437642
-76.3190489079
-76.3343000322
-76.3250468667
-76.3161577433
-76.3462285758
-76.3112122238
-76.3442680579
-76.3185113451
-76.3449437696
-76.2832830505
-76.3378713966
-76.3414367373
-76.3275841534
-76.3032881279
-76.3143724520
-76.3102500708
-76.2963050734
-76.3089008543
-76.3076325070
-76.2938576470
-76.3361077748
-76.3433072858
-76.3440649321
-76.3110325273
-76.3214060608
-76.3262217648
-76.3294862301
-76.3347268491
-76.3436252099
-76.3359369362
-76.3163627711
-76.3031583765
-76.3151600604
-76.3191030228
-76.3429843459
-76.3302504960
-76.3397832060
-76.2945377484
-76.2863814926
-76.3083722002
-76.3348970825
-76.3381098483
-76.3314847914
-76.3196504502
-76.2949518711
-76.3005429136
-76.3484853096
-76.3399453150
-76.3437265127
-76.3170829202
-76.3425087118
-76.3350756369
-76.3403893305
-76.2939433471
-76.3434775509
-76.3347000790
-76.3186519561
-76.2874222427
-76.3178552315
-76.3257301364
-76.2818786500
-76.2695518550
-76.3032658649
-76.3308988336
-76.3390482313
-76.2796435980
-76.3222475883
-76.2828809505
-76.3048258549
-76.3276371761
-76.3262094821
-76.3244208755
-76.2955422400
-76.3344952221
-76.2913146740
-76.3181628202
-76.3040304401
-76.2863799043
-76.3395677414
-76.3423321026
-76.3113279895
-76.2856305825
-76.3193547249
-76.3448913509
-76.3235853541
-76.3127922986
-76.3075633425
-76.3442339183
-76.3242764162
-76.3260740662
-76.2936650593
-76.3022321789
-76.3118918336
-76.3418991451
-76.3234724023
-76.3303521795
-76.3329445462
-76.3027258819
-76.3011137428
-76.3012175817
-76.2704930626
-76.3204318042
-76.3255733257
-76.3177862206
-76.3424413731
-76.3137782913
-76.3168856883
-76.3392020859
-76.3145860148
-76.3229716914
-76.2975323844
-76.3327082637
-76.3197244473
-76.3427808856
-76.3251563604
-76.3115715961
-76.3250536378
-76.3435456174
-76.3221762912
-76.2774928411
-76.3313778826
-76.3251951282
-76.3492933419
-76.3229966592
-76.3307038909
-76.3173474538
-76.3492361250
-76.3079062631
-76.3122725170
-76.3261454588
-76.3492838124
-76.3025785801
-76.3034223777
-76.3420676462
-76.2855938021
-76.3312575171
-76.2999431841
-76.2934752095
-76.3286744340
-76.3492806027
-76.3113676557
-76.3241837546
-76.3143040636
-76.3118197597
-76.3318616842
-76.2959216005
-76.3467907250
-76.3266122967
-76.3103664984
-76.3350959046
-76.3041213961
-76.3441854305
-76.2989233066
-76.2897227713
-76.3491232542
-76.3455056264
-76.3042412265
-76.3277403514
-76.3029725007
-76.3386745107
-76.3065494298
-76.2916891057
-76.3366702538
-76.3001664361
-76.2792417897
-76.3263948522
-76.3340188773
-76.3491665271
-76.3159032628
-76.3191233656
-76.3321499270
-76.3434781604
-76.3316269511
-76.3098448522
-76.3120401030
-76.3261519737
-76.3183087991
-76.3256540819
-76.2817451386
-76.3045565793
-76.2643723782
-76.3492625859
-76.3301839981
-76.3417480237
-76.2757752441
-76.3361308898
-76.3108759052
-76.3165921111
-76.2932698998
-76.3427465752
-76.3218537861
-76.3154755968
-76.3267066378
-76.3262610247
-76.3233599180
-76.3127410728
-76.2917305149
-76.2807340965
-76.2896670953
-76.2976215652
-76.2826819419
-76.3102942872
-76.3028598516
-76.2812656676
-76.3365368397
-76.2979013156
-76.2983026736
-76.3456377147
-76.3492141116
-76.3264206435
-76.3384904627
-76.3399267408
-76.3417680226
-76.3144728711
-76.3312993389
-76.3272015230
-76.2919881115
-76.3457198823
-76.2895873663
-76.2863615654
-76.3451340593
-76.3322412751
-76.3181685303
-76.3235603521
-76.3439850126
-76.3453286838
-76.3393253668
-76.3485993240
-76.2840330818
-76.3309677266
-76.2888965961
-76.3168342732
-76.3011187719
-76.3181376088
-76.3268053237
-76.3352561426
-76.3033996383
-76.2754470843
-76.3322089911
-76.3410792362
-76.3160126794
-76.2734987616
-76.3413343500
-76.3205766591
-76.3245900163
-76.3324963417
-76.3124101661
-76.2731914766
-76.3311644528
-76.3430188364
-76.2790185182
-76.3352305102
-76.3227574783
-76.3326882135
-76.3312844259
-76.3467615394
-76.3132923622
-76.2681315643
-76.3459025614
-76.3243062938
-76.3364193377
-76.2997643686
-76.3086714583
-76.3254640038
-76.3297325260
-76.3394907748
-76.3178925671
-76.3325395914
-76.3424219984
-76.3041124840
-76.3099123878
-76.3331070426
-76.3313328076
-76.3147299202
-76.3286081378
-76.3339300256
-76.3166629207
-76.3245462637
-76.3026314782
-76.3403149765
-76.2994140105
-76.3038709435
-76.3468979255
-76.3358663733
-76.3182792917
-76.3368076451
-76.3316830818
-76.2731013085
-76.3226588131
-76.3090105729
-76.3327781244
-76.3265376920
-76.3092256314
-76.3235945693
-76.3393138130
-76.2970505396
-76.3213487499
-76.3012934157
-76.3441739369
-76.3400451472
-76.3484167352
-76.3229769787
-76.3408279392
-76.3460882528
-76.3428938124
-76.3411377160
-76.3387511181
-76.3377243981
-76.3487159824
-76.3425678783
-76.3418350527
-76.3020600694
-76.3158809503
-76.3155022930
-76.3307149981
-76.3213902138
-76.3389696703
-76.3307911383
-76.3298547470
-76.3227596096
-76.3411696069
-76.3434715497
-76.3374834969
-76.3241869341
-76.3471688276
-76.3112348728
-76.3493644045
-76.3327786321
-76.3469840465
-76.3288687350
-76.3318217253
-76.3350601928
-76.2838818717
-76.3176903817
-76.3302617904
-76.3153283215
-76.3138023506
-76.3429346363
-76.3285786472
-76.3046539456
-76.3425251349
-76.3400343264
-76.3469738056
-76.3156314198
-76.3362857602
-76.3342466008
-76.3272833163
-76.3474872822
-76.3156397666
-76.3227423806
-76.3367256854
-76.3387496611
-76.3200351610
-76.3214852525
-76.3423882730
-76.3405108231
-76.3064723765
-76.3452342781
-76.3312536893
-76.3425924949
-76.3181477547
-76.3427920799
-76.3352575053
-76.3288990911
-76.3375149845
-76.3358319510
-76.3250856875
-76.3348046020
-76.3463572513
-76.3368661385
-76.3175079606
-76.3382791219
-76.3385519854
-76.3473531027
-76.3330420691
-76.3099049827
-76.3079447088
-76.2821067348
-76.3158599523
-76.3381145888
-76.3378284226
-76.3014861845
-76.3081839156
-76.3258351198
-76.3385274789
-76.3369324250
-76.3399298075
-76.3379668139
-76.3182909971
-76.3217429041
-76.2966388962
-76.3199318419
-76.3429084515
-76.3463132287
-76.3331287638
-76.3465393932
-76.3244913214
-76.3134164971
-76.3370075149
-76.3002355959
-76.3165582492
-76.3424575657
-76.3377439246
-76.3373743488
-76.3095849804
-76.2923329094
-76.3155689391
-76.3408746409
-76.3001988770
-76.3392838014
-76.3178421604
-76.3429947790
-76.3379254013
-76.3340089501
-76.3250916064
-76.3474667316
-76.3139938039
-76.3187870426
-76.3394193976
-76.3366110042
-76.3220882536
-76.3465613399
-76.3040464511
-76.3469854614
-76.3078728542
-76.3278349191
-76.3332401041
-76.3448285433
-76.3448827397
-76.3004774265
-76.3307197688
-76.3233400659
-76.3435995355
-76.3356634721
-76.3383485516
-76.3433847079
-76.3342965708
-76.3223526310
-76.3229040924
-76.3434780132
-76.3345517437
-76.3320881383
-76.2925055984
-76.3207699242
-76.3298503149
-76.3164220504
-76.3309609510
-76.3412572805
-76.3424874533
-76.2770529141
-76.3372163838
-76.3124327084
-76.3163220730
-76.3352951518
-76.2839140462
-76.3401749772
-76.3355210268
-76.3346047896
-76.3380172524
-76.3221612023
-76.3260880950
-76.2994600820
-76.3081273744
-76.3046103709
-76.3445275083
-76.3416340869
-76.3149298891
-76.3446403431
-76.3403523250
-76.3393940411
-76.3339924024
-76.3086056805
-76.3375393060
-76.3244619195
-76.3474750932
-76.3193997528
-76.3373740107
-76.3466243961
-76.3350809506
-76.3235878817
-76.3355735447
-76.3364623041
-76.3202504570
-76.3216147497
-76.3274180789
-76.2727752735
-76.3011522536
-76.3294299309
-76.3483871017
-76.3324420639
-76.3445472185
-76.3413399437
-76.3322740765
-76.3341639971
-76.3431609103
-76.3197211692
-76.3150180706
-76.3218670370
-76.3068007531
-76.3446123940
-76.3118439741
-76.3461720801
-76.3194862210
-76.3210918254
-76.3379705224
-76.3388891337
-76.3336500457
-76.3013148584
-76.2869124959
-76.3431987307
-76.3386941055
-76.2959627343
-76.3412532127
-76.3162411661
-76.2921808206
-76.3380103153
-76.3068901057
-76.3176517447
-76.3244942398
-76.3372107758
-76.3433446430
-76.3438212271
-76.3182451496
-76.3018627281
-76.3191866448
-76.2920356023
-76.2973250498
-76.3445180046
-76.2829422714
-76.3263695491
-76.2859509053
-76.3481619720
-76.3328061461
-76.3336139700
-76.2729416293
-76.3406443802
-76.3376557815
-76.3319764362
-76.3015208025
-76.3399562500
-76.3278222552
-76.3242472886
-76.3364296629
-76.3107158886
-76.3090553660
-76.3002259716
-76.2978530687
-76.3354595365
-76.3193559131
-76.2935342104
-76.3386011743
-76.3085281937
-76.3414521613
-76.3294435778
-76.3323759235
-76.2960449743
-76.2966137843
-76.3219828308
-76.3374954705
-76.3472119070
-76.3392037070
-76.3415143036
-76.2947881604
-76.3262280562
-76.2747328823
-76.3234277130
-76.3443490251
-76.3432437552
-76.3396320330
-76.3143968055
-76.3078796528
-76.3269552912
-76.2836231946
-76.3338753055
-76.2973281487
-76.3372055574
-76.3286013262
-76.3086188764
-76.2987193531
-76.3327827744
-76.3288870726
-76.3175222191
-76.3403196630
-76.3348981568
-76.3303502076
-76.3127571872
-76.3371002046
-76.3305661191
-76.3140858859
-76.3333800279
-76.3381030492
-76.3191493021
-76.3061424413
-76.3238554366
-76.3413108751
-76.3450122820
-76.3386668743
-76.3353964964
-76.3356886387
-76.3444923545
-76.3370139357
-76.3024543091
-76.3410101645
-76.3087196213
-76.3105620130
-76.2859765358
-76.3149067320
-76.3405354440
-76.3418847771
-76.3071609776
-76.3313173492
-76.3407325759
-76.3190413508
-76.3026969465
-76.3303484722
-76.3205698457
-76.3159804896
-76.3221462322
-76.3327299827
-76.3130320410
-76.3387436641
-76.3067782493
-76.3298603400
-76.3185585180
-76.3257485594
-76.3053714544
-76.3213080579
-76.3321487257
-76.3178523203
-76.3320039282
-76.3443230103
-76.3306624095
-76.3337772975
-76.2817733493
-76.2977236896
-76.3440759481
-76.3032569533
-76.3379631482
-76.3348757486
-76.3405505412
-76.3260567670
-76.3158758488
-76.3172499650
-76.3120305126
-76.3130345003
-76.3247667380
-76.3028312821
-76.3461624919
-76.3193192354
-76.3029689272
-76.3414522983
-76.2849080980
-76.3054270390
-76.2744653179
-76.3407816824
-76.3430191704
-76.3007514196
-76.3404331491
-76.3274996691
-76.3177019878
-76.2956315599
-76.3272793738
-76.3012196124
-76.2945883273
-76.3260826076
-76.2858409761
-76.2857269365
-76.3330775558
-76.3179097010
-76.2880635193
-76.3282411740
-76.3197803654
-76.3214544302
-76.3148092281
-76.3259291416
-76.3295447617
-76.3342925714
-76.3209687276
-76.2724226720
-76.3080204889
-76.2995123039
-76.3422920533
-76.3401818348
-76.3382355483
-76.3028440353
-76.3230148233
-76.3228223560
-76.3351127614
-76.3336071677
-76.3049114555
-76.3441966396
-76.3407761258
-76.3146489992
-76.3122730060
-76.3255890944
-76.3101910147
-76.2763683625
-76.3280739930
-76.3240104291
-76.3302343289
-76.3324019200
-76.3450764716
-76.3243469898
-76.3187692332
-76.2953671696
-76.3233145194
-76.3082714664
-76.2704249781
-76.3357488368
-76.3300344165
-76.3377969216
-76.3460156910
-76.3077513582
-76.2831458233
-76.3177375499
-76.3333260878
-76.3350634728
-76.3442244393
-76.3365346968
-76.3294501794
-76.2796113839
-76.3384292776
-76.2896966158
-76.3320387031
-76.3234143263
-76.3158140785
-76.3305830761
-76.3161653412
-76.3224456205
-76.3476211810
-76.3399966379
-76.2914304862
-76.3313306724
-76.3472694654
-76.3431270320
-76.3368304208
-76.3390440860
-76.3458478853
-76.3485232233
-76.3358057777
-76.3335820970
-76.3430857589
-76.3463569331
-76.3491425779
-76.3421723930
-76.3452888928
-76.3419493878
-76.3398370336
