16.731864 -2.811301 1.557647 -2.811301 17.381775 -1.417489 1.557647 -1.417489 14.945148 
16.924914 3.272804 0.572997 3.272804 17.840496 1.069424 0.572997 1.069424 14.399500 
15.282459 2.343785 1.454537 2.343785 17.483390 1.114710 1.454537 1.114710 15.527443 
16.954290 -0.599048 3.334484 -0.599048 14.578148 -0.214079 3.334484 -0.214079 18.117961 
14.439802 -0.825687 0.650916 -0.825687 15.239274 -1.874212 0.650916 -1.874212 18.837546 
15.942211 -2.603518 2.291868 -2.603518 17.316075 -0.978408 2.291868 -0.978408 15.453471 
14.972238 0.426189 -0.301598 0.426189 16.141022 -3.226579 -0.301598 -3.226579 18.932263 
14.284764 0.762094 -1.068320 0.762094 15.915934 -2.747871 -1.068320 -2.747871 18.662271 
15.184710 2.328094 -0.562548 2.328094 18.094837 -2.370917 -0.562548 -2.370917 15.254917 
16.804417 0.331674 2.404885 0.331674 13.497164 -0.265291 2.404885 -0.265291 16.856313 
14.466213 -0.115607 0.111729 -0.115607 16.976555 3.073660 0.111729 3.073660 18.570890 
14.929430 0.115066 -0.557113 0.115066 19.445284 3.284789 -0.557113 3.284789 15.413105 
16.807007 -2.155929 2.258282 -2.155929 16.646495 -2.289974 2.258282 -2.289974 15.775880 
18.102894 0.751581 3.100395 0.751581 13.660720 0.681971 3.100395 0.681971 15.871239 
15.764169 -0.107995 2.451012 -0.107995 13.312349 1.135201 2.451012 1.135201 18.251962 
20.338827 -1.953774 -0.652626 -1.953774 14.839958 0.656514 -0.652626 0.656514 13.868395 
18.272096 2.173678 -1.179575 2.173678 14.602041 -1.323425 -1.179575 -1.323425 15.413147 
18.350401 1.008285 -2.973114 1.008285 14.288812 0.096825 -2.973114 0.096825 16.402682 
21.001158 -2.146905 1.421370 -2.146905 15.179681 0.664642 1.421370 0.664642 15.152159 
16.981965 2.103782 2.083451 2.103782 15.975907 1.289300 2.083451 1.289300 15.010946 
19.546598 -0.162187 1.593629 -0.162187 12.944691 0.158572 1.593629 0.158572 15.681017 
16.108644 0.315083 -2.604471 0.315083 14.010098 -0.071642 -2.604471 -0.071642 19.513057 
16.829679 3.148603 0.432758 3.148603 17.357947 -1.122975 0.432758 -1.122975 13.945783 
14.103444 0.241820 0.828512 0.241820 16.184189 -2.673955 0.828512 -2.673955 16.538036 
13.970040 -1.251356 -0.710415 -1.251356 19.369955 -0.470780 -0.710415 -0.470780 14.815431 
18.721118 1.930658 -0.627534 1.930658 14.740490 -0.295182 -0.627534 -0.295182 13.404575 
18.895733 -0.623731 -2.683933 -0.623731 14.711491 -0.307706 -2.683933 -0.307706 14.734094 
15.067018 -2.662269 1.196686 -2.662269 18.550108 -1.929824 1.196686 -1.929824 16.005960 
16.856176 -3.681097 -0.276485 -3.681097 16.483676 -0.274949 -0.276485 -0.274949 15.210034 
17.011560 -3.156553 0.072523 -3.156553 18.042471 -0.240647 0.072523 -0.240647 14.281626 
14.637138 -0.555368 1.409874 -0.555368 14.781809 -1.489062 1.409874 -1.489062 18.522631 
13.750887 1.573896 1.459609 1.573896 15.353757 1.456687 1.459609 1.456687 18.716052 
19.497760 0.454066 1.481030 0.454066 14.043098 -0.002596 1.481030 -0.002596 14.286429 
13.782518 -0.367628 0.079543 -0.367628 20.100536 -1.444020 0.079543 -1.444020 13.903633 
15.602991 -1.283094 -1.747448 -1.283094 14.798310 2.640592 -1.747448 2.640592 17.793001 
17.714072 -1.327770 2.245674 -1.327770 16.675176 -1.134775 2.245674 -1.134775 15.130519 
17.597260 -1.868843 -1.159535 -1.868843 13.438298 0.975134 -1.159535 0.975134 15.225107 
21.210344 -0.192272 0.253278 -0.192272 15.797632 -1.046228 0.253278 -1.046228 14.152353 
16.018695 -2.695011 1.013356 -2.695011 17.601450 -1.561014 1.013356 -1.561014 15.616254 
17.051108 -2.901202 0.934569 -2.901202 16.677282 -0.360333 0.934569 -0.360333 14.484749 
19.466988 2.114935 -0.156756 2.114935 15.657880 -0.112414 -0.156756 -0.112414 14.060386 
13.953828 0.150070 -0.523731 0.150070 13.600395 -0.592216 -0.523731 -0.592216 18.476205 
14.080748 -1.736536 1.500243 -1.736536 19.248901 -1.191731 1.500243 -1.191731 14.756866 
18.155618 -0.967674 2.749551 -0.967674 13.925402 -1.461726 2.749551 -1.461726 16.028657 
19.495281 -1.359317 -0.997738 -1.359317 14.333281 0.314372 -0.997738 0.314372 14.025216 
15.488087 1.430264 -2.205903 1.430264 14.344740 -1.609221 -2.205903 -1.609221 15.712323 
15.649317 2.651712 0.110804 2.651712 18.915831 1.396392 0.110804 1.396392 14.239133 
19.202170 0.602747 2.251296 0.602747 14.242787 0.137541 2.251296 0.137541 14.922991 
17.437041 1.107719 2.380040 1.107719 14.135814 0.719384 2.380040 0.719384 15.741046 
14.242388 -0.337279 0.302500 -0.337279 18.319812 -3.441892 0.302500 -3.441892 17.866258 
14.524113 -2.480397 -1.157256 -2.480397 18.151304 1.899623 -1.157256 1.899623 15.985455 
18.814539 1.983557 0.167305 1.983557 15.159524 -1.056433 0.167305 -1.056433 14.217894 
13.842937 0.192575 0.602330 0.192575 14.522355 1.930188 0.602330 1.930188 19.109719 
18.011729 -2.637867 -1.200987 -2.637867 16.063760 0.131360 -1.200987 0.131360 14.416815 
14.343863 0.281416 -1.213445 0.281416 13.972712 -1.797611 -1.213445 -1.797611 19.285505 
16.901333 -0.272605 -3.001560 -0.272605 13.883047 -0.431323 -3.001560 -0.431323 18.188249 
17.564027 -2.652176 2.751315 -2.652176 16.660917 -1.574435 2.751315 -1.574435 15.749002 
15.767328 2.999819 0.407623 2.999819 17.515839 -0.961382 0.407623 -0.961382 14.841620 
14.206346 -0.751337 -0.194291 -0.751337 18.586024 1.747674 -0.194291 1.747674 13.620781 
15.569305 2.276660 -0.575296 2.276660 17.974542 -2.670276 -0.575296 -2.670276 16.380409 
19.449066 -1.158683 2.820295 -1.158683 15.311956 -1.239760 2.820295 -1.239760 15.516143 
14.154757 -1.836924 -1.202413 -1.836924 16.127748 2.521615 -1.202413 2.521615 16.788133 
17.883012 0.853502 -2.125554 0.853502 13.437006 -0.925353 -2.125554 -0.925353 15.302526 
17.716518 -2.925040 1.279639 -2.925040 15.480752 -0.500160 1.279639 -0.500160 15.050682 
18.891409 1.774480 2.331603 1.774480 14.178683 1.009101 2.331603 1.009101 15.927027 
15.074893 -2.403162 1.974972 -2.403162 16.021521 -1.574831 1.974972 -1.574831 17.126037 
19.735874 0.971940 -1.221892 0.971940 14.307060 -0.283669 -1.221892 -0.283669 14.499467 
16.744306 -1.772569 -1.792485 -1.772569 16.654812 2.604831 -1.792485 2.604831 16.158970 
17.714931 0.067120 -3.339547 0.067120 14.656740 -0.011572 -3.339547 -0.011572 18.089331 
18.005268 2.385697 0.305389 2.385697 17.074115 -0.377977 0.305389 -0.377977 13.245597 
17.355394 2.535637 -0.038000 2.535637 16.097686 1.442858 -0.038000 1.442858 13.398751 
13.495386 0.347821 -0.061646 0.347821 14.228178 -0.133063 -0.061646 -0.133063 19.825638 
16.045537 -2.551096 -0.529048 -2.551096 16.768355 1.252803 -0.529048 1.252803 14.589152 
17.815659 3.569048 -0.346945 3.569048 16.999713 0.931099 -0.346945 0.931099 14.926966 
15.468618 -1.994385 0.284493 -1.994385 18.658830 -1.440485 0.284493 -1.440485 14.576997 
14.282341 0.883163 -0.606018 0.883163 20.352760 -0.634418 -0.606018 -0.634418 13.887255 
16.960024 3.024551 0.240701 3.024551 18.518134 0.893150 0.240701 0.893150 14.269380 
19.793732 0.726774 0.916682 0.726774 14.287376 0.116403 0.916682 0.116403 14.233598 
17.269320 -3.333693 -0.193179 -3.333693 17.376110 -0.234489 -0.193179 -0.234489 14.849167 
13.513317 0.917455 -1.209635 0.917455 16.535355 -1.760637 -1.209635 -1.760637 16.613484 
14.385892 -0.328116 -1.352161 -0.328116 16.008497 1.884153 -1.352161 1.884153 19.677266 
14.626718 -0.798818 -0.749035 -0.798818 17.026462 3.452218 -0.749035 3.452218 18.303940 
16.322438 2.510280 0.255254 2.510280 16.447469 0.305480 0.255254 0.305480 13.980040 
18.544956 -1.355068 1.839523 -1.355068 14.426655 -1.302787 1.839523 -1.302787 13.952116 
17.306365 -0.904786 2.596029 -0.904786 14.435288 -0.387632 2.596029 -0.387632 16.371689 
16.941854 1.339605 -2.660568 1.339605 14.480979 -1.375451 -2.660568 -1.375451 15.548894 
17.079360 -1.744194 1.482190 -1.744194 15.765054 -1.889666 1.482190 -1.889666 16.621360 
14.134776 -0.348333 -0.491641 -0.348333 17.434632 2.737152 -0.491641 2.737152 16.654059 
17.584843 0.887137 -2.229809 0.887137 13.709986 -0.158225 -2.229809 -0.158225 15.348579 
14.488222 1.204459 -1.721833 1.204459 14.169526 -1.709183 -1.721833 -1.709183 19.137686 
18.228988 0.033916 -2.732854 0.033916 14.501517 -0.425515 -2.732854 -0.425515 15.913878 
17.061276 -2.590062 -0.869155 -2.590062 17.353625 1.736955 -0.869155 1.736955 15.700728 
17.105809 -3.263476 0.883965 -3.263476 17.641609 -0.769976 0.883965 -0.769976 14.482771 
14.594035 0.989550 0.886315 0.989550 15.461198 2.725764 0.886315 2.725764 17.800311 
16.960731 2.049864 1.778269 2.049864 16.629203 2.446354 1.778269 2.446354 16.346486 
13.973903 -0.979233 0.375253 -0.979233 20.326543 -0.524076 0.375253 -0.524076 15.394112 
14.138218 0.071491 -1.640514 0.071491 16.198444 -2.508814 -1.640514 -2.508814 17.815426 
13.697525 -0.712571 0.781280 -0.712571 16.958761 -2.758290 0.781280 -2.758290 17.325857 
14.332448 1.788385 0.838539 1.788385 19.484131 -0.852172 0.838539 -0.852172 14.253141 
18.117250 -2.248264 -1.625212 -2.248264 14.738631 1.181774 -1.625212 1.181774 15.722934 
14.668055 1.721659 2.125299 1.721659 16.345416 1.988707 2.125299 1.988707 18.753492 
19.596005 -2.446143 0.752320 -2.446143 15.812634 0.824887 0.752320 0.824887 14.367493 
14.541576 -0.865738 -0.589961 -0.865738 14.844828 1.919268 -0.589961 1.919268 19.950305 
14.727298 0.189869 -0.439172 0.189869 20.202966 1.869138 -0.439172 1.869138 13.742197 
14.159170 -0.767199 -0.763713 -0.767199 18.195233 2.791322 -0.763713 2.791322 15.925971 
18.380540 1.874776 -1.938335 1.874776 14.191868 -1.281542 -1.938335 -1.281542 16.644691 
14.892583 0.243808 1.975993 0.243808 14.585150 1.025292 1.975993 1.025292 20.348929 
18.513643 1.427904 0.746272 1.427904 15.326896 -0.217770 0.746272 -0.217770 13.583202 
14.497090 0.149781 -2.730837 0.149781 14.190834 1.184678 -2.730837 1.184678 18.446674 
18.110110 -3.313005 -0.780568 -3.313005 15.347293 0.588308 -0.780568 0.588308 14.616547 
14.891414 -0.460448 1.853189 -0.460448 14.283148 1.518040 1.853189 1.518040 18.919073 
16.163789 1.652562 3.234866 1.652562 14.636728 0.769824 3.234866 0.769824 18.728097 
13.265669 0.185742 -0.392259 0.185742 16.545560 -2.609332 -0.392259 -2.609332 18.598172 
13.432384 -0.365763 -0.281121 -0.365763 16.227858 -2.264363 -0.281121 -2.264363 17.398726 
14.147898 0.056592 0.075673 0.056592 18.958093 2.516043 0.075673 2.516043 15.146733 
14.766898 0.200086 -0.398541 0.200086 14.654527 -3.203809 -0.398541 -3.203809 18.621661 
14.339878 0.160736 -0.701597 0.160736 14.360176 0.125532 -0.701597 0.125532 19.712409 
18.420114 -1.428217 -0.294464 -1.428217 15.017492 0.161655 -0.294464 0.161655 13.722372 
17.749822 -1.653722 -2.117428 -1.653722 14.460875 1.299979 -2.117428 1.299979 14.774574 
15.555541 2.415769 -1.376852 2.415769 16.719025 -2.170721 -1.376852 -2.170721 15.839403 
15.422003 2.034436 1.923018 2.034436 15.957524 1.390135 1.923018 1.390135 15.179050 
15.767772 3.062251 0.112930 3.062251 17.667155 0.013073 0.112930 0.013073 14.350248 
18.522540 -2.175089 0.823812 -2.175089 15.019204 -0.324291 0.823812 -0.324291 13.765924 
17.089112 -1.238000 1.965403 -1.238000 14.519446 -1.096699 1.965403 -1.096699 15.528871 
15.332966 1.564491 -1.106198 1.564491 18.505059 -1.837084 -1.106198 -1.837084 14.046626 
14.792414 -1.501052 -1.426167 -1.501052 17.791656 1.976190 -1.426167 1.976190 15.796159 
14.139486 0.170240 -0.058601 0.170240 14.212403 -1.601614 -0.058601 -1.601614 19.403607 
18.337276 0.245683 -3.121505 0.245683 14.430804 -0.413289 -3.121505 -0.413289 15.989209 
14.262835 0.847037 0.528301 0.847037 14.540305 2.165234 0.528301 2.165234 18.341915 
17.804863 1.073370 -2.788270 1.073370 14.363094 -1.184943 -2.788270 -1.184943 15.551743 
15.348313 -1.917689 -1.633395 -1.917689 16.893977 2.263095 -1.633395 2.263095 16.239910 
15.331240 -0.170243 2.277408 -0.170243 14.537541 -0.632806 2.277408 -0.632806 19.215450 
14.048269 -0.737270 -0.595863 -0.737270 16.709073 2.804317 -0.595863 2.804317 17.142507 
18.528034 -2.435041 -1.710817 -2.435041 15.046018 1.168432 -1.710817 1.168432 15.217029 
13.861532 -0.029847 -1.906406 -0.029847 14.906901 -0.807937 -1.906406 -0.807937 19.716276 
14.866447 2.071117 0.728246 2.071117 18.828986 2.388399 0.728246 2.388399 15.008727 
14.918578 -2.331296 0.821163 -2.331296 17.734326 -1.533423 0.821163 -1.533423 16.335016 
19.171662 -0.961841 2.441727 -0.961841 15.037118 -0.238357 2.441727 -0.238357 13.866972 
18.786941 -2.734903 -2.352387 -2.734903 16.168056 0.762561 -2.352387 0.762561 15.322207 
15.697449 -1.090113 2.352066 -1.090113 15.272662 -1.931674 2.352066 -1.931674 17.864276 
14.677038 0.128068 -0.408564 0.128068 14.485161 -2.124127 -0.408564 -2.124127 18.949920 
16.373655 -0.236748 2.972325 -0.236748 14.076335 -0.824290 2.972325 -0.824290 19.430759 
19.823905 1.047478 0.340658 1.047478 14.484709 0.014403 0.340658 0.014403 14.358315 
18.935419 2.830958 1.280427 2.830958 15.754087 0.338496 1.280427 0.338496 14.460606 
13.851756 0.483166 0.013413 0.483166 19.974420 -0.071507 0.013413 -0.071507 14.247868 
19.664622 -0.534171 1.988035 -0.534171 15.051566 -1.127151 1.988035 -1.127151 14.236033 
18.492565 1.491145 -1.800126 1.491145 14.856999 -1.363221 -1.800126 -1.363221 15.013433 
16.563753 -1.332605 -2.205716 -1.332605 14.800268 1.934192 -2.205716 1.934192 17.799644 
18.869079 -1.656803 -1.742100 -1.656803 14.699098 1.010787 -1.742100 1.010787 15.793617 
14.181971 0.170899 0.414587 0.170899 13.973517 0.820801 0.414587 0.820801 20.247555 
14.359912 -2.141700 0.135855 -2.141700 18.683692 -0.362050 0.135855 -0.362050 14.408019 
20.682541 0.045604 -1.247670 0.045604 15.350542 0.613588 -1.247670 0.613588 13.293670 
13.574480 -0.723847 -0.085472 -0.723847 18.866430 1.982030 -0.085472 1.982030 14.513136 
15.416911 0.397090 2.974610 0.397090 14.970921 0.533907 2.974610 0.533907 18.474491 
14.064262 0.036629 -1.188800 0.036629 20.533303 0.638943 -1.188800 0.638943 14.939488 
14.680243 -0.287425 -0.011373 -0.287425 16.284943 3.114175 -0.011373 3.114175 18.400573 
16.964463 1.912920 2.991120 1.912920 15.806576 1.758965 2.991120 1.758965 17.717779 
14.565754 -1.631072 0.105861 -1.631072 17.146954 3.389886 0.105861 3.389886 17.627317 
13.281940 -0.270122 -0.817281 -0.270122 14.531672 -1.026548 -0.817281 -1.026548 19.419228 
15.554896 1.550229 -1.151155 1.550229 16.116503 -1.753702 -1.151155 -1.753702 15.309101 
14.091280 0.122505 0.263498 0.122505 14.339343 1.463466 0.263498 1.463466 19.937010 
15.404035 1.413819 0.387939 1.413819 20.375512 0.900351 0.387939 0.900351 14.740492 
15.786788 2.144833 1.163263 2.144833 18.783145 1.295334 1.163263 1.295334 15.149399 
16.955088 3.024813 1.618696 3.024813 17.100242 1.535419 1.618696 1.535419 15.157590 
14.371501 -1.122566 0.194152 -1.122566 18.439025 -2.791602 0.194152 -2.791602 16.126503 
14.814665 1.500264 -1.732930 1.500264 15.466206 -2.291709 -1.732930 -2.291709 16.365417 
18.838067 -1.163978 -2.514625 -1.163978 14.487571 0.320266 -2.514625 0.320266 15.720563 
17.309842 -3.205632 1.161575 -3.205632 15.852709 -1.568100 1.161575 -1.568100 16.306665 
14.389484 1.437266 -0.717568 1.437266 17.526910 -2.485303 -0.717568 -2.485303 15.548143 
14.624418 0.630747 -1.731817 0.630747 14.713093 -1.012780 -1.731817 -1.012780 19.834809 
13.224110 -0.349260 0.076929 -0.349260 17.907101 -2.969178 0.076929 -2.969178 18.320617 
13.548576 -1.066949 -1.015109 -1.066949 18.934741 2.295077 -1.015109 2.295077 16.170988 
14.222738 -0.105855 -0.198035 -0.105855 18.093488 2.423857 -0.198035 2.423857 15.051170 
15.120155 -0.425267 0.268008 -0.425267 13.818058 -0.688407 0.268008 -0.688407 19.235419 
15.019931 -2.018594 -0.956966 -2.018594 19.276683 0.362341 -0.956966 0.362341 13.031144 
17.691749 3.076427 1.024322 3.076427 17.688830 -0.431462 1.024322 -0.431462 14.224429 
17.016513 -2.635347 0.689859 -2.635347 17.371573 -2.447705 0.689859 -2.447705 14.676472 
16.502904 0.379352 2.204718 0.379352 13.555361 -0.889637 2.204718 -0.889637 18.094279 
14.306307 0.899497 -1.073360 0.899497 18.699742 1.066987 -1.073360 1.066987 14.646677 
14.732129 1.200285 1.345656 1.200285 17.651650 3.146542 1.345656 3.146542 15.936002 
20.709495 0.715198 0.956356 0.715198 14.317504 0.119265 0.956356 0.119265 14.324927 
20.644956 1.868710 0.696840 1.868710 15.153974 -0.049107 0.696840 -0.049107 14.574590 
14.666746 -1.962564 -1.169772 -1.962564 17.614469 2.271792 -1.169772 2.271792 17.233525 
15.023738 -0.032755 -2.821074 -0.032755 14.544327 1.397240 -2.821074 1.397240 18.506051 
20.150613 1.284936 -0.813143 1.284936 13.840237 -0.211250 -0.813143 -0.211250 15.274053 
19.234112 -0.323945 -1.925160 -0.323945 14.287697 -0.016810 -1.925160 -0.016810 14.273860 
19.792566 1.369259 -1.996563 1.369259 13.900991 -1.459556 -1.996563 -1.459556 15.507394 
16.022143 -1.844176 -2.226343 -1.844176 16.828684 1.608329 -2.226343 1.608329 16.933152 
15.261192 1.118765 2.135469 1.118765 14.707297 1.047458 2.135469 1.047458 17.665740 
14.445144 0.183957 0.754288 0.183957 13.749664 -0.375673 0.754288 -0.375673 19.641286 
16.204368 -0.723814 -2.402051 -0.723814 14.328994 0.727971 -2.402051 0.727971 15.767285 
15.271774 -0.198297 2.427697 -0.198297 14.834298 -0.162510 2.427697 -0.162510 18.926671 
13.695457 1.533568 -0.475348 1.533568 18.883567 -2.022024 -0.475348 -2.022024 16.425847 
14.481150 -0.801844 -0.673776 -0.801844 17.580790 3.446773 -0.673776 3.446773 16.906259 
16.453295 3.397682 0.017505 3.397682 16.181658 0.153526 0.017505 0.153526 14.954049 
15.484051 2.603856 0.388351 2.603856 17.484183 0.712651 0.388351 0.712651 13.518487 
15.673098 0.241186 -2.333000 0.241186 14.504740 -0.234461 -2.333000 -0.234461 18.699603 
14.202438 -0.322175 -0.126842 -0.322175 16.840699 -2.845669 -0.126842 -2.845669 17.212438 
16.551540 -2.546344 -0.814793 -2.546344 16.834101 1.016116 -0.814793 1.016116 14.700237 
17.415616 2.661613 -1.089976 2.661613 16.285130 -1.507363 -1.089976 -1.507363 14.246255 
17.732225 0.187375 -3.539328 0.187375 14.669208 0.168537 -3.539328 0.168537 17.502632 
18.090796 2.963765 -0.043207 2.963765 16.937923 0.285785 -0.043207 0.285785 14.314292 
20.227762 -1.865806 -0.145794 -1.865806 15.318980 0.321232 -0.145794 0.321232 13.882294 
16.164970 -2.251512 1.438179 -2.251512 16.721725 -2.332353 1.438179 -2.332353 16.514833 
14.458307 -1.992073 0.660868 -1.992073 19.353270 -1.983251 0.660868 -1.983251 14.903797 
13.296275 0.780526 0.320225 0.780526 16.306514 2.876343 0.320225 2.876343 17.725688 
14.359069 1.657263 -0.646654 1.657263 19.352354 0.960912 -0.646654 0.960912 14.273478 
19.194384 3.228667 0.810424 3.228667 17.035464 -0.203333 0.810424 -0.203333 13.869895 
18.918585 0.927563 -2.590544 0.927563 14.581491 -0.293183 -2.590544 -0.293183 15.482167 
14.938097 -0.864223 0.612741 -0.864223 18.272427 -3.099173 0.612741 -3.099173 16.244272 
14.068681 0.710091 0.643934 0.710091 17.374141 2.804556 0.643934 2.804556 16.942154 
14.100717 -0.456155 2.090806 -0.456155 15.597770 -1.419524 2.090806 -1.419524 19.592104 
15.554294 -0.256348 1.720941 -0.256348 13.877757 1.314736 1.720941 1.314736 19.595820 
14.337484 0.126461 0.093055 0.126461 20.681319 0.612203 0.093055 0.612203 14.363320 
19.344408 -0.433618 -2.063093 -0.433618 14.414014 1.413011 -2.063093 1.413011 15.148414 
17.129992 -2.708963 -1.020358 -2.708963 15.967225 0.654127 -1.020358 0.654127 14.096234 
15.374048 -1.290047 2.689112 -1.290047 14.796342 -0.749484 2.689112 -0.749484 18.404909 
16.102970 -2.198544 -2.773427 -2.198544 16.664405 2.268292 -2.773427 2.268292 17.310275 
18.272308 1.713639 2.299488 1.713639 13.664512 0.180640 2.299488 0.180640 15.130525 
19.028480 2.102873 -0.541288 2.102873 15.763293 0.788469 -0.541288 0.788469 13.736599 
13.307418 0.852114 1.210317 0.852114 14.923968 1.638426 1.210317 1.638426 19.262691 
19.069219 1.761340 2.629969 1.761340 14.167031 0.204184 2.629969 0.204184 16.298707 
16.709469 -1.902343 1.993758 -1.902343 14.236967 -1.599304 1.993758 -1.599304 15.801521 
18.488808 -0.071950 2.371693 -0.071950 13.884330 0.414296 2.371693 0.414296 15.058237 
18.674579 0.054904 1.580307 0.054904 13.501629 0.225033 1.580307 0.225033 13.932165 
15.175437 -2.020796 -0.523805 -2.020796 19.002714 -0.809607 -0.523805 -0.809607 14.135692 
15.122732 -1.217946 0.870628 -1.217946 17.205516 -3.290112 0.870628 -3.290112 17.318692 
19.004898 2.877489 1.284717 2.877489 14.802282 -0.346577 1.284717 -0.346577 14.787030 
15.966952 2.213797 -0.796724 2.213797 20.233331 0.940890 -0.796724 0.940890 14.265355 
14.716848 -2.174566 0.852894 -2.174566 16.268196 -2.389753 0.852894 -2.389753 16.114451 
18.529312 2.180023 1.130869 2.180023 14.635021 -0.445209 1.130869 -0.445209 14.368463 
14.697507 -0.297782 -0.424885 -0.297782 14.868007 2.078518 -0.424885 2.078518 19.133962 
16.254255 1.625221 2.021187 1.625221 15.546826 1.798311 2.021187 1.798311 17.546087 
15.084888 -1.139852 -0.302056 -1.139852 17.996704 2.065431 -0.302056 2.065431 13.516585 
13.064477 0.930030 0.634245 0.930030 18.133465 2.315242 0.634245 2.315242 17.370417 
16.468310 -0.043615 -2.803837 -0.043615 14.389849 0.876078 -2.803837 0.876078 16.633108 
16.388585 3.067552 -1.590678 3.067552 16.583512 -1.308488 -1.590678 -1.308488 15.503082 
14.951454 2.366115 0.841288 2.366115 18.623363 1.609706 0.841288 1.609706 14.493175 
15.465079 1.120609 -2.361666 1.120609 16.507721 -2.740575 -2.361666 -2.740575 17.121580 
15.110709 -0.264722 -0.065146 -0.264722 13.550650 -0.896516 -0.065146 -0.896516 20.352499 
13.525200 -0.265620 0.041739 -0.265620 18.811345 -2.338892 0.041739 -2.338892 15.894569 
15.031301 -2.164102 -0.798642 -2.164102 18.725058 0.953754 -0.798642 0.953754 14.593229 
14.868960 2.394582 0.393019 2.394582 19.399890 0.950458 0.393019 0.950458 14.460789 
16.747342 -1.605934 2.795153 -1.605934 14.324300 -0.930566 2.795153 -0.930566 18.223728 
14.878411 0.749132 1.293486 0.749132 13.907158 1.382207 1.293486 1.382207 19.737024 
13.894117 -0.632591 -1.131710 -0.632591 14.092261 0.614067 -1.131710 0.614067 19.914289 
13.623679 1.026136 -1.024436 1.026136 17.740955 -2.199151 -1.024436 -2.199151 16.238195 
14.211111 -0.504020 0.921098 -0.504020 15.042596 -1.453176 0.921098 -1.453176 20.036171 
13.643147 0.205918 -0.121845 0.205918 15.504793 2.074661 -0.121845 2.074661 19.202886 
18.722761 0.514591 1.968095 0.514591 14.821552 -0.678257 1.968095 -0.678257 14.631342 
15.900043 0.729117 3.128905 0.729117 15.366378 1.587926 3.128905 1.587926 16.282759 
14.583746 -1.243126 -0.819884 -1.243126 14.757385 2.858911 -0.819884 2.858911 19.062201 
20.413317 0.205618 1.092680 0.205618 14.880760 0.508691 1.092680 0.508691 14.457328 
14.849613 0.801223 0.831423 0.801223 18.718706 3.244477 0.831423 3.244477 16.719153 
14.913811 -1.116731 -0.233251 -1.116731 20.172211 -2.342234 -0.233251 -2.342234 14.440973 
16.821654 -2.207936 -1.289843 -2.207936 16.039076 2.584779 -1.289843 2.584779 15.586974 
13.085975 0.530004 0.579510 0.530004 16.637401 2.334400 0.579510 2.334400 17.885775 
15.367769 0.117882 0.781616 0.117882 13.420724 1.842706 0.781616 1.842706 17.998872 
14.846972 -1.583057 -1.094335 -1.583057 18.922365 2.507411 -1.094335 2.507411 15.350771 
15.928442 -0.728220 2.455066 -0.728220 13.707067 0.521717 2.455066 0.521717 19.313765 
16.095474 -1.896436 -0.112927 -1.896436 17.268822 -0.971874 -0.112927 -0.971874 13.372181 
16.823199 -2.397993 2.455673 -2.397993 15.702314 -1.049105 2.455673 -1.049105 15.613429 
17.084412 0.528256 -2.558154 0.528256 14.148393 -0.322886 -2.558154 -0.322886 15.331485 
15.791002 -0.469181 2.490950 -0.469181 14.115194 0.354881 2.490950 0.354881 20.023337 
16.289919 2.919581 -0.043259 2.919581 18.941606 1.244887 -0.043259 1.244887 13.415156 
16.079771 2.714268 0.993027 2.714268 17.454844 2.444834 0.993027 2.444834 15.734552 
13.271183 0.926676 0.631707 0.926676 20.384811 1.893544 0.631707 1.893544 15.994300 
17.131314 -3.321555 0.252481 -3.321555 16.856587 -0.586887 0.252481 -0.586887 14.621059 
13.428998 -0.797265 -1.210698 -0.797265 16.017247 2.307481 -1.210698 2.307481 17.773938 
15.792866 1.388330 2.669494 1.388330 15.203627 1.693172 2.669494 1.693172 16.563399 
15.472509 0.101604 -2.295221 0.101604 13.617617 -0.614382 -2.295221 -0.614382 18.982761 
15.430221 2.373001 -0.702908 2.373001 18.444091 0.713626 -0.702908 0.713626 14.052991 
12.962966 0.131817 0.967125 0.131817 15.539009 -1.789794 0.967125 -1.789794 20.493316 
20.123351 -0.506578 -0.944590 -0.506578 13.981983 0.097598 -0.944590 0.097598 13.806806 
18.027901 -3.332151 -0.660052 -3.332151 16.999639 0.956000 -0.660052 0.956000 14.922660 
19.274818 1.299879 2.645841 1.299879 14.754611 0.671847 2.645841 0.671847 15.650259 
16.066399 1.752013 0.554127 1.752013 17.940800 1.744188 0.554127 1.744188 14.232544 
13.839775 0.495479 0.712260 0.495479 15.120240 1.814717 0.712260 1.814717 19.562212 
13.504401 -0.350843 -0.758263 -0.350843 15.481089 2.220522 -0.758263 2.220522 16.985305 
14.730488 -1.522496 1.403623 -1.522496 18.912516 -0.273364 1.403623 -0.273364 14.493380 
15.210080 0.778294 -2.268221 0.778294 15.072601 0.653106 -2.268221 0.653106 18.874479 
20.013829 -1.912956 2.237593 -1.912956 15.212747 -0.482561 2.237593 -0.482561 15.639956 
14.588300 0.302435 1.742339 0.302435 15.603255 2.590883 1.742339 2.590883 17.857373 
18.803335 -2.532087 -1.211773 -2.532087 17.546879 1.333386 -1.211773 1.333386 13.636719 
20.345658 -0.685414 -1.965904 -0.685414 13.876957 0.093790 -1.965904 0.093790 15.515093 
17.728271 -3.372911 0.959567 -3.372911 16.926557 -1.426862 0.959567 -1.426862 14.961866 
15.574479 -1.509213 -2.366535 -1.509213 14.965280 1.252857 -2.366535 1.252857 16.939793 
17.332394 2.178470 2.780337 2.178470 16.286815 1.829382 2.780337 1.829382 16.208050 
14.712306 1.083555 -0.965420 1.083555 15.323216 -2.892883 -0.965420 -2.892883 18.384989 
19.257023 -0.998604 -0.049964 -0.998604 14.719075 -0.419285 -0.049964 -0.419285 13.578981 
16.140896 1.001658 2.618571 1.001658 15.149876 1.712668 2.618571 1.712668 18.943763 
14.676202 0.338354 1.544317 0.338354 14.846266 -0.285910 1.544317 -0.285910 19.688365 
14.719539 1.957505 -0.998658 1.957505 18.765284 -3.076065 -0.998658 -3.076065 17.000474 
14.700872 0.200018 -2.140067 0.200018 14.033782 2.198767 -2.140067 2.198767 17.995908 
20.603363 1.237251 0.734987 1.237251 16.334407 -0.337025 0.734987 -0.337025 13.658628 
15.072981 2.702288 -1.003292 2.702288 17.413167 -2.513605 -1.003292 -2.513605 16.618994 
14.008917 0.202268 0.299759 0.202268 18.847056 3.041456 0.299759 3.041456 16.065377 
14.516232 -0.466184 -0.869736 -0.466184 15.389492 3.025411 -0.869736 3.025411 18.149044 
14.597406 -0.628480 1.792268 -0.628480 13.992102 -1.145442 1.792268 -1.145442 18.941071 
14.746282 -1.639028 -2.213616 -1.639028 16.095050 1.536114 -2.213616 1.536114 17.664513 
14.901367 -0.291935 2.376260 -0.291935 14.881768 1.854528 2.376260 1.854528 18.277877 
16.978853 2.166984 2.248617 2.166984 15.846602 2.186148 2.248617 2.186148 16.400128 
14.584293 -0.149026 -0.000544 -0.149026 15.790328 -3.132524 -0.000544 -3.132524 16.999931 
16.153715 1.922413 0.416834 1.922413 17.862240 2.689743 0.416834 2.689743 15.729986 
16.233540 3.150821 -0.446553 3.150821 17.220149 0.685886 -0.446553 0.685886 14.604437 
15.063526 2.248699 1.785489 2.248699 17.816313 3.264812 1.785489 3.264812 17.716544 
16.116254 -1.325036 2.408331 -1.325036 14.860867 -1.680445 2.408331 -1.680445 15.413844 
15.261229 -0.455025 -1.794415 -0.455025 14.035512 1.730863 -1.794415 1.730863 18.051347 
16.798511 -1.503060 2.820210 -1.503060 15.621794 -1.420430 2.820210 -1.420430 16.356068 
15.120811 0.432115 0.972498 0.432115 18.561310 2.860437 0.972498 2.860437 16.051060 
16.385828 -1.424315 -2.532945 -1.424315 15.860738 2.548895 -2.532945 2.548895 16.728190 
15.176254 -0.445317 2.264807 -0.445317 15.736403 -2.239237 2.264807 -2.239237 17.114191 
15.237839 -1.369636 1.767089 -1.369636 16.450999 -2.727279 1.767089 -2.727279 17.379266 
17.379236 -2.460986 -0.073171 -2.460986 17.733103 0.514978 -0.073171 0.514978 13.146477 
16.092424 -2.207340 1.390225 -2.207340 16.003689 -1.921739 1.390225 -1.921739 14.965785 
13.934583 0.484419 -0.091266 0.484419 18.794626 1.694600 -0.091266 1.694600 15.387714 
15.538431 0.393644 2.226957 0.393644 14.635541 1.283208 2.226957 1.283208 18.527868 
14.293265 0.445171 -1.274156 0.445171 15.090290 1.798040 -1.274156 1.798040 19.901861 
16.664842 1.756512 1.977816 1.756512 16.135803 1.884044 1.977816 1.884044 14.739941 
13.351051 -1.249765 -0.501248 -1.249765 16.955178 2.213192 -0.501248 2.213192 17.809070 
15.786814 0.793640 2.476151 0.793640 13.111181 -0.517200 2.476151 -0.517200 18.838032 
19.760649 1.534065 1.178976 1.534065 14.159212 -0.606207 1.178976 -0.606207 14.804336 
14.671424 -0.606528 -1.044436 -0.606528 18.753634 3.076961 -1.044436 3.076961 16.677621 
15.674094 -2.319719 1.253643 -2.319719 18.506357 -0.095971 1.253643 -0.095971 13.850888 
18.065413 2.171974 -1.217631 2.171974 15.519165 -0.686839 -1.217631 -0.686839 14.499319 
15.001297 0.297983 0.775150 0.297983 15.811714 -2.130159 0.775150 -2.130159 18.077485 
14.759519 1.505202 1.411606 1.505202 18.330862 2.466311 1.411606 2.466311 15.261965 
17.873335 2.796583 1.701320 2.796583 15.702893 0.666291 1.701320 0.666291 14.760487 
14.694982 -2.264032 0.539992 -2.264032 18.956727 0.664505 0.539992 0.664505 13.757838 
14.248392 -0.411816 -0.390044 -0.411816 18.912067 2.994978 -0.390044 2.994978 16.868098 
18.393865 -2.446678 2.010931 -2.446678 15.129294 -0.588106 2.010931 -0.588106 15.124543 
14.547048 0.173478 0.125716 0.173478 18.786101 2.384714 0.125716 2.384714 15.028801 
18.350835 2.013554 -1.329387 2.013554 15.931281 -0.936533 -1.329387 -0.936533 14.277201 
15.299295 1.449679 -1.234835 1.449679 18.974641 -2.445485 -1.234835 -2.445485 15.157240 
19.311636 -0.905460 -1.397657 -0.905460 14.231496 0.297015 -1.397657 0.297015 14.450843 
17.124525 -2.858358 1.744335 -2.858358 16.227630 -0.888219 1.744335 -0.888219 14.307198 
15.173621 -1.379464 2.617962 -1.379464 15.932011 -2.155686 2.617962 -2.155686 17.658086 
15.177789 -1.857627 0.343856 -1.857627 20.979591 -0.949681 0.343856 -0.949681 13.817756 
14.815439 1.387430 -0.434917 1.387430 19.193614 -2.060187 -0.434917 -2.060187 15.242982 
16.033928 -1.108732 2.810613 -1.108732 14.904280 -1.404549 2.810613 -1.404549 17.779384 
15.416371 -1.162037 -0.276701 -1.162037 19.998967 -1.091719 -0.276701 -1.091719 13.824273 
17.088143 -2.975394 -0.547624 -2.975394 18.062212 0.750747 -0.547624 0.750747 14.747349 
15.760237 -2.586577 -0.140945 -2.586577 18.303338 -0.832321 -0.140945 -0.832321 13.996541 
18.397441 -1.212644 1.726552 -1.212644 13.250612 -0.700731 1.726552 -0.700731 14.807070 
20.504482 0.622756 1.846930 0.622756 14.546582 0.633402 1.846930 0.633402 14.601801 
15.226216 0.338972 0.232478 0.338972 20.300282 2.455984 0.232478 2.455984 14.507107 
17.954268 2.150101 2.508461 2.150101 15.765530 1.367683 2.508461 1.367683 15.645504 
18.172471 2.697861 1.092707 2.697861 15.435715 0.758518 1.092707 0.758518 14.644830 
19.272942 -1.699021 -0.311088 -1.699021 16.554818 -0.498310 -0.311088 -0.498310 13.260574 
14.998080 -0.734180 0.391051 -0.734180 15.722512 -3.314995 0.391051 -3.314995 18.142530 
16.441824 0.603123 -2.876676 0.603123 14.441718 -0.275781 -2.876676 -0.275781 18.070876 
17.763839 -3.440068 -0.264721 -3.440068 17.360360 0.696244 -0.264721 0.696244 14.035116 
14.333831 -0.359474 -0.825411 -0.359474 13.942433 -0.711948 -0.825411 -0.711948 20.167196 
17.384378 -3.083426 0.051878 -3.083426 15.099785 -0.156597 0.051878 -0.156597 14.782576 
16.678632 -0.804909 -2.310921 -0.804909 13.568539 0.916409 -2.310921 0.916409 16.766762 
13.962445 0.464205 -0.487677 0.464205 14.784986 -0.330084 -0.487677 -0.330084 20.965683 
14.382328 0.604627 1.121980 0.604627 17.004713 3.201703 1.121980 3.201703 16.878410 
17.255013 -1.703730 3.481657 -1.703730 15.214917 -0.613173 3.481657 -0.613173 16.421958 
14.680159 -1.250453 0.070455 -1.250453 21.188025 -0.994113 0.070455 -0.994113 14.584794 
14.292329 -1.087999 -1.932333 -1.087999 14.559697 -0.029443 -1.932333 -0.029443 19.079965 
16.679961 2.576815 0.070073 2.576815 17.703224 -0.694485 0.070073 -0.694485 13.563914 
16.038337 2.736451 -0.394441 2.736451 19.057555 -0.360966 -0.394441 -0.360966 14.097659 
15.489610 0.598675 -0.784888 0.598675 13.556662 -1.571644 -0.784888 -1.571644 20.055696 
13.796382 -0.417475 -0.001860 -0.417475 17.336094 2.757066 -0.001860 2.757066 15.517061 
17.207054 -2.848785 -0.880379 -2.848785 16.555147 1.677180 -0.880379 1.677180 14.788780 
12.840656 1.297903 -0.714244 1.297903 16.748205 -2.567564 -0.714244 -2.567564 16.922932 
16.041313 -0.052203 3.647394 -0.052203 14.036685 -0.364340 3.647394 -0.364340 17.161106 
14.814375 -0.831580 0.918181 -0.831580 13.195038 -0.685290 0.918181 -0.685290 18.932705 
19.970009 -1.815134 1.921957 -1.815134 14.308556 -1.763804 1.921957 -1.763804 15.937483 
18.822925 -0.603086 2.243873 -0.603086 13.997029 -0.231402 2.243873 -0.231402 14.159646 
13.880975 -1.268243 0.076566 -1.268243 19.572459 0.648598 0.076566 0.648598 14.031353 
14.565484 0.681539 0.318809 0.681539 19.217989 2.332062 0.318809 2.332062 15.137158 
14.815061 1.001831 0.675207 1.001831 16.596796 2.786519 0.675207 2.786519 16.090689 
17.725303 -1.912228 2.790235 -1.912228 15.468372 -1.208346 2.790235 -1.208346 15.497270 
18.246133 -3.413601 -0.745262 -3.413601 16.056480 -0.147350 -0.745262 -0.147350 14.787922 
20.381785 -0.573412 1.341403 -0.573412 15.044854 -1.020787 1.341403 -1.020787 14.047397 
16.862524 -3.183588 -0.288678 -3.183588 17.909625 0.052672 -0.288678 0.052672 14.469464 
20.096305 -2.073333 0.591543 -2.073333 14.051717 -1.065516 0.591543 -1.065516 15.181656 
15.052898 -0.086743 1.753177 -0.086743 13.705269 -1.462593 1.753177 -1.462593 20.328030 
16.513277 3.264471 0.059174 3.264471 17.903219 0.293661 0.059174 0.293661 13.546944 
13.123194 1.448920 0.905996 1.448920 18.094407 1.734782 0.905996 1.734782 16.599048 
15.009636 1.050933 -1.371397 1.050933 14.049344 -0.664614 -1.371397 -0.664614 20.328932 
18.786782 0.046964 2.672662 0.046964 14.218556 0.360854 2.672662 0.360854 15.204857 
19.708854 0.047119 -0.042657 0.047119 14.889993 -0.297442 -0.042657 -0.297442 14.247183 
14.013065 -0.902770 -0.720268 -0.902770 19.810109 -0.433346 -0.720268 -0.433346 13.832852 
14.762771 -1.644109 -0.710067 -1.644109 18.725316 1.717088 -0.710067 1.717088 14.391877 
18.657214 0.515584 -2.103917 0.515584 14.718848 -1.302568 -2.103917 -1.302568 14.567287 
17.286014 2.128744 -1.197313 2.128744 15.632171 -0.956456 -1.197313 -0.956456 14.467850 
16.675008 -0.933823 3.247396 -0.933823 15.654163 -2.950074 3.247396 -2.950074 17.741451 
14.039610 -0.657506 -0.261320 -0.657506 14.827230 -2.114559 -0.261320 -2.114559 19.505328 
17.008067 3.078198 -1.353413 3.078198 17.566926 0.134818 -1.353413 0.134818 13.704110 
16.904057 -1.950535 1.248522 -1.950535 15.067560 -1.107333 1.248522 -1.107333 14.216833 
20.002232 -2.124465 0.934544 -2.124465 15.161614 -0.484922 0.934544 -0.484922 13.937787 
14.188704 -0.193187 0.967460 -0.193187 14.696663 -1.290237 0.967460 -1.290237 20.479106 
14.902925 -0.157200 1.020388 -0.157200 14.651552 -1.438578 1.020388 -1.438578 19.611035 
20.685516 -2.177611 -0.490465 -2.177611 14.732513 -0.145651 -0.490465 -0.145651 14.361382 
15.181008 -1.592342 0.456032 -1.592342 19.320449 -1.835329 0.456032 -1.835329 14.148764 
14.125861 -0.092007 -0.050591 -0.092007 14.352305 -0.545224 -0.050591 -0.545224 20.150514 
14.442315 -0.370777 0.226297 -0.370777 20.426407 1.924821 0.226297 1.924821 14.969249 
14.920571 0.454640 -1.876011 0.454640 13.869841 -0.939281 -1.876011 -0.939281 19.794291 
14.109998 -0.218476 -0.543860 -0.218476 13.699200 -0.010468 -0.543860 -0.010468 19.902398 
15.621271 0.849283 2.663739 0.849283 15.138460 1.632951 2.663739 1.632951 17.607023 
16.608082 -2.837521 -1.175724 -2.837521 18.038881 0.551090 -1.175724 0.551090 13.120263 
17.773781 -2.835095 -1.246786 -2.835095 16.169366 0.551845 -1.246786 0.551845 14.266162 
13.722181 0.530254 -0.514683 0.530254 17.704460 -2.482808 -0.514683 -2.482808 15.488677 
15.820274 -0.474157 -2.727607 -0.474157 14.417014 0.921231 -2.727607 0.921231 18.762277 
13.592672 -0.455518 -0.752120 -0.455518 14.970271 1.548394 -0.752120 1.548394 18.988464 
14.946758 -0.136353 2.479690 -0.136353 13.875634 -0.987326 2.479690 -0.987326 18.351949 
13.568531 -1.218635 0.131930 -1.218635 19.486392 -1.042000 0.131930 -1.042000 14.258223 
18.341102 2.579779 -0.059192 2.579779 15.120089 0.089502 -0.059192 0.089502 14.222972 
16.674866 3.703764 0.388173 3.703764 16.965926 0.885731 0.388173 0.885731 15.735304 
15.174617 -1.098773 2.185719 -1.098773 16.331079 -1.788948 2.185719 -1.788948 15.563857 
14.234422 0.171642 0.530873 0.171642 15.532796 -2.160217 0.530873 -2.160217 19.314320 
16.802708 0.124604 2.420706 0.124604 13.817428 -0.579459 2.420706 -0.579459 19.828456 
18.293265 -2.276127 1.943120 -2.276127 14.010285 -0.867637 1.943120 -0.867637 15.572340 
18.761593 2.766752 -1.981050 2.766752 17.049243 -1.705072 -1.981050 -1.705072 15.667574 
16.901730 -2.810510 1.552627 -2.810510 17.435842 -0.426807 1.552627 -0.426807 13.860818 
13.907536 -0.034464 -0.866690 -0.034464 14.368977 -1.696886 -0.866690 -1.696886 20.240312 
13.047668 0.087060 -0.396593 0.087060 19.432294 0.276704 -0.396593 0.276704 13.818743 
14.913097 0.028945 0.008607 0.028945 13.978814 2.354067 0.008607 2.354067 18.548811 
14.754591 1.183008 -2.368286 1.183008 15.801344 -1.588453 -2.368286 -1.588453 15.534230 
14.018277 1.189411 0.290552 1.189411 18.388839 -1.295676 0.290552 -1.295676 13.650998 
14.367995 0.655384 1.461577 0.655384 14.132702 -1.131973 1.461577 -1.131973 18.823544 
16.096034 1.839077 -0.799203 1.839077 20.111254 -0.031741 -0.799203 -0.031741 13.437498 
15.376182 -1.541721 -0.982804 -1.541721 17.401771 3.012937 -0.982804 3.012937 17.456004 
13.670840 -0.120614 -1.006550 -0.120614 18.795981 -2.053776 -1.006550 -2.053776 14.822494 
15.341341 1.780307 1.167079 1.780307 17.706894 2.443145 1.167079 2.443145 15.991005 
15.869158 -2.002962 -1.485797 -2.002962 17.771545 2.579746 -1.485797 2.579746 16.057302 
17.964042 2.651182 2.097867 2.651182 16.835056 1.087803 2.097867 1.087803 14.461002 
16.741769 0.937374 2.968202 0.937374 14.901423 1.510347 2.968202 1.510347 17.046832 
14.341417 0.229807 -0.547449 0.229807 13.737439 1.122853 -0.547449 1.122853 19.324499 
14.334781 -0.254360 0.415075 -0.254360 14.362464 -1.697973 0.415075 -1.697973 19.853381 
13.819347 0.119833 -1.438519 0.119833 14.686885 -0.947960 -1.438519 -0.947960 19.755350 
21.678606 0.265497 -0.486895 0.265497 13.460451 0.491882 -0.486895 0.491882 16.081533 
14.705025 1.632370 0.386072 1.632370 18.877894 1.016042 0.386072 1.016042 14.501507 
14.156597 -0.134961 -2.089193 -0.134961 15.335343 -0.742673 -2.089193 -0.742673 18.581126 
14.734807 1.098944 -1.212838 1.098944 17.386674 -3.040174 -1.212838 -3.040174 17.465530 
18.371899 0.104484 -2.343861 0.104484 14.328401 -1.276752 -2.343861 -1.276752 14.858455 
18.162492 2.372108 -0.068522 2.372108 16.138180 0.496088 -0.068522 0.496088 13.466604 
13.626637 -0.303988 -0.475710 -0.303988 20.073329 0.712252 -0.475710 0.712252 14.725216 
17.032865 3.202263 0.181988 3.202263 16.965333 1.196096 0.181988 1.196096 14.642779 
15.655670 -1.965201 0.677718 -1.965201 16.891254 -2.881842 0.677718 -2.881842 15.152443 
16.856127 -3.020679 0.330413 -3.020679 17.120772 -1.066945 0.330413 -1.066945 14.331779 
16.691832 -2.669893 -1.852466 -2.669893 15.852709 0.423647 -1.852466 0.423647 14.276749 
21.483983 -1.094569 1.535594 -1.094569 16.064134 -0.198306 1.535594 -0.198306 14.168535 
14.661131 0.726854 1.159337 0.726854 14.218662 1.047058 1.159337 1.047058 18.713672 
16.023051 -2.040004 -0.449725 -2.040004 18.984175 -0.363063 -0.449725 -0.363063 13.744636 
20.086624 1.977450 0.300331 1.977450 13.696327 0.720839 0.300331 0.720839 14.338488 
16.456107 -2.311929 2.618031 -2.311929 16.340853 -1.911862 2.618031 -1.911862 15.563357 
14.415851 -0.078817 0.623198 -0.078817 19.125157 1.043413 0.623198 1.043413 14.431077 
20.136852 2.475130 -0.166774 2.475130 15.757439 -0.879489 -0.166774 -0.879489 14.933791 
14.791113 0.062328 -1.899787 0.062328 15.468025 -1.111763 -1.899787 -1.111763 20.909113 
14.230459 -0.869236 0.830736 -0.869236 18.302345 0.010922 0.830736 0.010922 14.127451 
15.937993 2.625644 -1.285740 2.625644 15.268008 -0.926655 -1.285740 -0.926655 16.484641 
17.860487 1.788985 -0.584733 1.788985 15.927261 -2.049113 -0.584733 -2.049113 14.615830 
13.837299 0.917013 -0.139739 0.917013 19.832259 0.362295 -0.139739 0.362295 13.967992 
14.466265 0.912487 -0.560317 0.912487 18.028476 -2.469267 -0.560317 -2.469267 15.849673 
18.726931 -3.076284 -0.692699 -3.076284 14.631833 -0.238931 -0.692699 -0.238931 15.323738 
17.809205 -1.984726 2.164261 -1.984726 15.554784 -0.939690 2.164261 -0.939690 14.310075 
19.115404 1.598206 1.212039 1.598206 14.454368 0.215926 1.212039 0.215926 14.317348 
16.796406 0.248746 -2.974984 0.248746 14.264255 -1.727018 -2.974984 -1.727018 17.919985 
14.890187 -0.575933 -1.363882 -0.575933 14.741850 -1.825733 -1.363882 -1.825733 19.871730 
18.339561 -2.344598 0.152443 -2.344598 14.788593 0.218632 0.152443 0.218632 13.716477 
16.920641 0.446341 2.691820 0.446341 13.956184 1.361815 2.691820 1.361815 18.397135 
14.399491 1.158165 2.281199 1.158165 16.511415 2.356259 2.281199 2.356259 15.400315 
13.871255 -0.083169 -0.533110 -0.083169 19.485944 0.171889 -0.533110 0.171889 14.636089 
14.767501 0.614308 1.578508 0.614308 14.402761 0.961808 1.578508 0.961808 20.142014 
16.921144 -2.934072 -0.954992 -2.934072 17.829084 0.799552 -0.954992 0.799552 13.631573 
17.997982 2.152801 2.651740 2.152801 14.552854 1.005710 2.651740 1.005710 16.086420 
17.615042 -2.298045 -2.428569 -2.298045 16.966816 0.968030 -2.428569 0.968030 14.878930 
17.193578 0.136155 -3.126178 0.136155 14.392007 0.058067 -3.126178 0.058067 16.889095 
14.585987 -0.800591 -0.771034 -0.800591 16.045349 2.944554 -0.771034 2.944554 18.462720 
16.752693 -2.709417 -0.982546 -2.709417 17.185941 1.612587 -0.982546 1.612587 14.075543 
16.209349 -1.072386 2.788989 -1.072386 14.656819 -1.193169 2.788989 -1.193169 16.813100 
16.381885 1.011230 2.502547 1.011230 15.020603 2.195448 2.502547 2.195448 17.415203 
17.562897 -2.817456 -1.021265 -2.817456 16.016722 0.761062 -1.021265 0.761062 14.614168 
14.624995 1.614232 -2.813464 1.614232 15.120539 -1.129028 -2.813464 -1.129028 16.803030 
18.773995 1.588770 0.928071 1.588770 15.379114 0.414365 0.928071 0.414365 14.646584 
15.217949 -1.189727 -1.869476 -1.189727 16.846758 2.224903 -1.869476 2.224903 17.783268 
13.945757 0.739106 -1.392699 0.739106 15.149819 -0.186979 -1.392699 -0.186979 19.529600 
15.240124 1.793253 -0.452099 1.793253 19.305468 -2.680136 -0.452099 -2.680136 15.519367 
14.604701 -0.106608 0.097648 -0.106608 14.665192 1.874926 0.097648 1.874926 20.431332 
14.747592 0.870824 1.220797 0.870824 20.948002 2.001862 1.220797 2.001862 15.328703 
13.825526 0.826327 -0.333059 0.826327 18.470092 -3.262154 -0.333059 -3.262154 16.746103 
18.297347 -2.763967 1.581066 -2.763967 16.351891 -0.518631 1.581066 -0.518631 14.284623 
18.259556 -1.191420 2.307836 -1.191420 13.379007 -0.884776 2.307836 -0.884776 16.981981 
16.777794 1.176570 3.261701 1.176570 15.834133 1.665185 3.261701 1.665185 15.800127 
17.871660 1.403255 -2.574816 1.403255 14.766653 -1.472369 -2.574816 -1.472369 14.933459 
18.591757 -0.857918 -2.822120 -0.857918 14.786057 -0.048942 -2.822120 -0.048942 15.475817 
15.052534 -1.848094 2.876596 -1.848094 14.644882 -0.991680 2.876596 -0.991680 17.658631 
14.595555 2.099699 -0.069017 2.099699 19.532071 -1.054326 -0.069017 -1.054326 14.771659 
13.985089 0.778501 0.789146 0.778501 17.836683 3.004799 0.789146 3.004799 16.810388 
18.631412 1.586437 1.344563 1.586437 14.829869 0.734246 1.344563 0.734246 14.899740 
14.037028 0.572563 -1.688463 0.572563 14.403250 -1.510685 -1.688463 -1.510685 18.780902 
14.164028 0.082882 -0.244697 0.082882 14.077724 1.500796 -0.244697 1.500796 19.455062 
14.978992 -2.355510 -0.025916 -2.355510 19.203173 0.484941 -0.025916 0.484941 14.519668 
13.719718 0.892100 1.837193 0.892100 16.698486 2.192595 1.837193 2.192595 18.305819 
19.146304 -3.141075 1.266654 -3.141075 15.554685 -0.082352 1.266654 -0.082352 14.916052 
18.093801 -1.447003 2.524214 -1.447003 14.737548 -0.787834 2.524214 -0.787834 15.872236 
14.576209 0.890250 1.609306 0.890250 13.853779 1.070407 1.609306 1.070407 19.391813 
17.435402 2.905041 0.257903 2.905041 16.388492 -0.009070 0.257903 -0.009070 14.161411 
19.191151 -1.864195 0.048703 -1.864195 15.593872 0.155926 0.048703 0.155926 14.009325 
19.809791 1.412447 1.385455 1.412447 14.638616 0.538937 1.385455 0.538937 13.839321 
14.698972 -1.725309 0.014118 -1.725309 18.597736 -0.501925 0.014118 -0.501925 14.470230 
14.684588 1.057700 -1.230246 1.057700 15.596587 -2.378044 -1.230246 -2.378044 18.911315 
14.525248 -1.396995 0.917510 -1.396995 16.602861 -3.037809 0.917510 -3.037809 17.374717 
18.915860 -2.113328 -2.351009 -2.113328 16.052431 0.838081 -2.351009 0.838081 14.712324 
16.064722 -1.832508 2.246477 -1.832508 14.828377 -1.504432 2.246477 -1.504432 18.298966 
13.067014 -0.864357 -0.100166 -0.864357 19.042193 2.565853 -0.100166 2.565853 16.900795 
13.672379 -0.560294 -0.832153 -0.560294 19.647443 2.581812 -0.832153 2.581812 15.359523 
14.919612 -1.983321 -0.491458 -1.983321 17.174389 3.125631 -0.491458 3.125631 17.056375 
20.307387 1.133505 1.193487 1.133505 14.879768 0.062833 1.193487 0.062833 14.399525 
15.158591 -2.802027 0.732622 -2.802027 19.507067 -0.692011 0.732622 -0.692011 14.245035 
14.790832 -0.007621 -0.339962 -0.007621 16.761648 3.243640 -0.339962 3.243640 17.439684 
14.723479 -1.012956 -0.792595 -1.012956 16.426632 2.912413 -0.792595 2.912413 17.497452 
17.260661 2.610902 1.180438 2.610902 14.832553 1.309547 1.180438 1.309547 14.289780 
15.417718 0.407197 -2.128058 0.407197 14.498181 0.648784 -2.128058 0.648784 18.992814 
13.173985 -0.342102 -0.055536 -0.342102 18.414452 -2.376413 -0.055536 -2.376413 16.476095 
15.116547 1.735325 -2.370108 1.735325 16.009877 -1.988279 -2.370108 -1.988279 16.692452 
17.975173 2.637035 -1.628502 2.637035 16.742738 0.315813 -1.628502 0.315813 14.383070 
18.049347 0.480258 3.101950 0.480258 14.401753 0.268919 3.101950 0.268919 16.892455 
16.262316 0.583257 3.009463 0.583257 13.903488 0.983418 3.009463 0.983418 16.854329 
19.861000 0.342641 0.970786 0.342641 15.080687 0.145986 0.970786 0.145986 13.250833 
18.046526 -2.648301 -1.756467 -2.648301 14.860671 0.379023 -1.756467 0.379023 15.298867 
15.151561 1.296831 0.796921 1.296831 18.845222 2.816744 0.796921 2.816744 14.973223 
19.109188 -1.546580 -2.515326 -1.546580 14.729261 -0.316615 -2.515326 -0.316615 14.367069 
13.982184 0.041167 -0.181961 0.041167 15.919398 2.834603 -0.181961 2.834603 18.436116 
20.543932 -1.557696 0.511225 -1.557696 15.265384 0.333173 0.511225 0.333173 14.180550 
15.652579 2.039229 0.629711 2.039229 19.665560 0.080318 0.629711 0.080318 13.286362 
15.014672 2.100050 1.291968 2.100050 15.854563 2.519041 1.291968 2.519041 16.209125 
14.535495 -0.180298 -2.334276 -0.180298 15.671562 -1.795907 -2.334276 -1.795907 19.618786 
18.980847 -1.257163 -2.161927 -1.257163 15.026434 0.941045 -2.161927 0.941045 14.504875 
14.046078 -0.519914 0.453221 -0.519914 17.348829 -2.738116 0.453221 -2.738116 16.433539 
18.868548 0.874951 -0.213952 0.874951 14.568419 0.195438 -0.213952 0.195438 13.407667 
15.361980 2.392108 -0.078246 2.392108 19.064029 1.211085 -0.078246 1.211085 14.289665 
13.687244 -1.411194 0.930899 -1.411194 17.062726 -2.736096 0.930899 -2.736096 19.266211 
15.612190 2.051072 -0.612319 2.051072 18.204392 -1.322094 -0.612319 -1.322094 14.096632 
19.524941 -1.554846 1.555692 -1.554846 14.539096 -0.360110 1.555692 -0.360110 14.678023 
14.404190 0.872048 -0.179304 0.872048 16.833447 -3.125643 -0.179304 -3.125643 18.317955 
15.755536 -2.675741 -1.715758 -2.675741 16.140036 1.800429 -1.715758 1.800429 17.163204 
13.353958 0.690064 -0.576344 0.690064 14.504312 -1.769351 -0.576344 -1.769351 19.694175 
14.484803 1.959365 2.078685 1.959365 19.079255 2.709908 2.078685 2.709908 17.285178 
16.081342 2.370524 0.958515 2.370524 17.717886 0.860769 0.958515 0.860769 14.046838 
16.486601 2.713436 1.299520 2.713436 17.277179 0.996290 1.299520 0.996290 15.368364 
13.231739 -0.284439 -0.461905 -0.284439 16.963593 -2.643175 -0.461905 -2.643175 17.969912 
16.863249 -1.963548 -1.766051 -1.963548 15.731140 1.416367 -1.766051 1.416367 16.108172 
15.237028 -0.125403 2.265176 -0.125403 15.872092 -2.200160 2.265176 -2.200160 19.091163 
19.604492 0.124011 1.311793 0.124011 14.394753 0.216685 1.311793 0.216685 13.792148 
15.733243 0.249469 -1.801004 0.249469 14.837053 2.159689 -1.801004 2.159689 20.229943 
16.394028 2.939480 0.216446 2.939480 19.277993 0.392085 0.216446 0.392085 13.782132 
16.869762 1.221542 2.693374 1.221542 15.606304 1.979678 2.693374 1.979678 15.713955 
17.887570 2.043955 1.943470 2.043955 15.931124 1.480603 1.943470 1.480603 15.234873 
15.663347 1.809214 1.100440 1.809214 17.503963 3.610275 1.100440 3.610275 15.712029 
15.229853 1.967018 0.987999 1.967018 17.052021 0.328254 0.987999 0.328254 13.183700 
13.999206 0.282677 -0.679313 0.282677 14.367152 0.412633 -0.679313 0.412633 20.195750 
16.182744 -3.122698 1.692153 -3.122698 15.493280 -1.431565 1.692153 -1.431565 15.635378 
19.631908 0.976674 -1.707478 0.976674 13.049425 -0.473933 -1.707478 -0.473933 14.770461 
14.056090 -0.771876 1.314568 -0.771876 15.960633 -2.152730 1.314568 -2.152730 16.307776 
18.906322 -1.581233 -0.336539 -1.581233 14.761716 0.441483 -0.336539 0.441483 13.703098 
14.611366 -0.786019 1.689910 -0.786019 15.469587 -2.586943 1.689910 -2.586943 17.173176 
14.316716 0.749725 0.865869 0.749725 15.106476 1.913637 0.865869 1.913637 19.364627 
17.369016 -2.659040 2.012715 -2.659040 16.255202 -0.968094 2.012715 -0.968094 15.595148 
14.378861 2.174317 0.461342 2.174317 17.307934 -0.819008 0.461342 -0.819008 13.603808 
14.554786 -0.558993 -0.592412 -0.558993 13.660148 0.559986 -0.592412 0.559986 20.025007 
14.590094 1.369657 -1.107219 1.369657 17.348743 -2.856678 -1.107219 -2.856678 16.913514 
14.971018 0.749226 -0.947421 0.749226 15.798287 -1.730476 -0.947421 -1.730476 18.285484 
14.979413 1.021556 -0.288335 1.021556 18.777970 -0.702502 -0.288335 -0.702502 13.056604 
16.289153 3.498050 -0.645262 3.498050 16.482146 -0.913169 -0.645262 -0.913169 15.050777 
16.021863 2.405480 -0.454360 2.405480 17.189423 -0.644829 -0.454360 -0.644829 14.974836 
19.745480 -0.264133 -2.742028 -0.264133 14.811596 0.880480 -2.742028 0.880480 14.587734 
15.387106 0.562299 1.441228 0.562299 14.248354 -0.294647 1.441228 -0.294647 21.526732 
18.983555 2.974811 1.129608 2.974811 16.831282 1.630545 1.129608 1.630545 15.327753 
17.550946 -2.741072 -0.216004 -2.741072 16.760268 -0.676394 -0.216004 -0.676394 13.925609 
15.652963 -1.895227 1.501096 -1.895227 16.544223 -2.149020 1.501096 -2.149020 14.121381 
20.048184 -0.618634 0.329599 -0.618634 14.096928 -0.232042 0.329599 -0.232042 14.642003 
17.514647 2.435502 1.446020 2.435502 15.551567 0.692571 1.446020 0.692571 13.826619 
14.969185 0.442568 1.473940 0.442568 14.018479 -1.376068 1.473940 -1.376068 20.411556 
16.399917 -0.805671 3.367160 -0.805671 14.547772 -1.031134 3.367160 -1.031134 18.565902 
14.666092 0.496967 0.455987 0.496967 16.260855 -3.354614 0.455987 -3.354614 17.189739 
14.651454 -0.132595 -1.887453 -0.132595 14.631984 0.526629 -1.887453 0.526629 19.337540 
14.386314 -0.883594 0.906246 -0.883594 15.391879 -2.396567 0.906246 -2.396567 18.416634 
14.004967 -0.225679 0.952193 -0.225679 13.060859 0.765202 0.952193 0.765202 19.018639 
18.357092 -2.570899 -2.172469 -2.570899 14.959993 0.570086 -2.172469 0.570086 15.402970 
14.523575 -0.613470 0.352279 -0.613470 21.307199 -1.289475 0.352279 -1.289475 14.461472 
18.540273 0.834891 -3.025237 0.834891 14.068980 -0.244215 -3.025237 -0.244215 16.263281 
16.434202 0.072807 -3.070721 0.072807 14.474028 -0.015624 -3.070721 -0.015624 19.318340 
15.102721 -0.931183 0.126049 -0.931183 18.235937 -3.231344 0.126049 -3.231344 15.665165 
19.615330 2.024453 0.442938 2.024453 16.316674 -0.089774 0.442938 -0.089774 13.318215 
16.287139 2.323207 -1.369122 2.323207 17.359520 -1.768522 -1.369122 -1.768522 15.459357 
17.820381 -0.515808 -3.513468 -0.515808 15.940742 1.366089 -3.513468 1.366089 16.037670 
13.824202 0.251711 -1.382989 0.251711 13.758995 0.874829 -1.382989 0.874829 18.613388 
16.142563 -2.056732 -0.560509 -2.056732 19.810348 0.196640 -0.560509 0.196640 13.919881 
14.718505 0.563473 0.114583 0.563473 17.548675 3.378112 0.114583 3.378112 17.040884 
19.527121 0.122706 1.290757 0.122706 14.752876 -0.579932 1.290757 -0.579932 13.560757 
17.230283 -1.164817 2.777315 -1.164817 14.895345 -0.315481 2.777315 -0.315481 15.769973 
15.684780 0.450350 2.880242 0.450350 14.577426 -0.258438 2.880242 -0.258438 17.564179 
18.186149 -1.064531 -2.614164 -1.064531 14.742134 0.387117 -2.614164 0.387117 16.356578 
13.192301 0.633714 0.225483 0.633714 14.633031 -1.514209 0.225483 -1.514209 19.192443 
15.666857 2.698682 2.211648 2.698682 17.569180 0.903350 2.211648 0.903350 15.011232 
14.641743 1.317653 -1.027881 1.317653 15.867163 -2.473914 -1.027881 -2.473914 16.299204 
19.048545 0.712715 1.820095 0.712715 13.645515 -0.077450 1.820095 -0.077450 15.201603 
18.490888 -2.178557 2.192374 -2.178557 15.083870 -0.679209 2.192374 -0.679209 15.500673 
15.837715 -1.676193 0.804803 -1.676193 18.504742 -0.683822 0.804803 -0.683822 13.009950 
15.729552 -2.542392 -0.995050 -2.542392 18.065115 1.013205 -0.995050 1.013205 14.295197 
14.279924 1.725269 -1.029565 1.725269 18.739063 -1.357059 -1.029565 -1.357059 15.685567 
16.446684 0.316309 2.741775 0.316309 14.344586 0.176389 2.741775 0.176389 17.131607 
17.045940 -1.036321 -2.505989 -1.036321 13.545835 0.352385 -2.505989 0.352385 15.617624 
14.584032 -0.411619 1.141590 -0.411619 14.427370 -0.768910 1.141590 -0.768910 18.979511 
15.619581 -0.593603 2.354222 -0.593603 15.040940 -1.146503 2.354222 -1.146503 18.611141 
18.136358 -3.330088 1.253829 -3.330088 16.769907 -0.000644 1.253829 -0.000644 15.618211 
17.188102 -0.942443 -2.785547 -0.942443 14.630242 -0.291151 -2.785547 -0.291151 16.958895 
16.990131 2.791709 -1.073507 2.791709 16.640899 -1.220454 -1.073507 -1.220454 14.571202 
18.060267 2.037577 -1.160112 2.037577 14.185163 -1.073477 -1.160112 -1.073477 15.866664 
13.733365 -0.448137 1.372383 -0.448137 14.694603 -0.425298 1.372383 -0.425298 19.028690 
15.356429 2.279432 -1.871168 2.279432 15.806797 -1.834285 -1.871168 -1.834285 17.442671 
14.017722 -2.085777 -0.083018 -2.085777 18.019698 -1.207063 -0.083018 -1.207063 14.654054 
15.916946 0.425031 1.972936 0.425031 15.919730 3.163270 1.972936 3.163270 17.833981 
19.767717 1.380913 1.954572 1.380913 15.146810 0.870184 1.954572 0.870184 14.969637 
16.766157 -3.293471 -0.462995 -3.293471 17.625027 -0.488759 -0.462995 -0.488759 14.285816 
14.269019 -1.672679 0.081644 -1.672679 19.121677 -1.661017 0.081644 -1.661017 14.593737 
16.846314 -2.503793 -1.856879 -2.503793 15.963323 1.263473 -1.856879 1.263473 15.345479 
16.561083 -1.911190 -1.753227 -1.911190 15.724863 1.200113 -1.753227 1.200113 15.697767 
15.216217 0.559930 1.679350 0.559930 17.560852 3.516083 1.679350 3.516083 16.342999 
19.897074 0.755911 0.838128 0.755911 14.290979 0.134317 0.838128 0.134317 14.522911 
16.293703 -2.930854 1.488064 -2.930854 17.589380 -1.251658 1.488064 -1.251658 14.184277 
13.441640 -0.376256 0.574732 -0.376256 16.076050 2.698586 0.574732 2.698586 18.289982 
16.531013 -2.807514 0.755291 -2.807514 18.915204 -0.828024 0.755291 -0.828024 14.440049 
14.865758 0.157559 -1.959224 0.157559 14.395723 -0.218021 -1.959224 -0.218021 20.032747 
13.315747 -0.788386 0.013934 -0.788386 19.721440 2.009935 0.013934 2.009935 15.610529 
16.199444 2.143384 1.280328 2.143384 15.723170 1.110311 1.280328 1.110311 14.356858 
19.434746 -0.734121 2.289954 -0.734121 14.184672 -0.344404 2.289954 -0.344404 15.409522 
18.241184 -0.040465 2.761882 -0.040465 14.220770 0.084050 2.761882 0.084050 15.731384 
18.722536 1.324439 -3.168610 1.324439 14.367749 0.189736 -3.168610 0.189736 16.168822 
14.206808 -0.736354 -0.734311 -0.736354 17.906134 2.703647 -0.734311 2.703647 15.684438 
16.652576 1.377573 1.931819 1.377573 17.082754 3.303462 1.931819 3.303462 18.067990 
13.907065 0.743787 1.137776 0.743787 14.881846 1.916575 1.137776 1.916575 20.933681 
17.246479 0.463681 3.619277 0.463681 14.466225 -0.358136 3.619277 -0.358136 16.334500 
20.171826 -0.271581 -0.080889 -0.271581 14.191265 -0.598395 -0.080889 -0.598395 13.256164 
17.154080 -1.396895 -2.910250 -1.396895 14.504105 -0.251662 -2.910250 -0.251662 15.973456 
18.971870 -1.263650 -1.831841 -1.263650 13.842156 0.254243 -1.831841 0.254243 14.940358 
13.431688 1.077197 0.724947 1.077197 18.025546 1.985123 0.724947 1.985123 15.940259 
14.275202 -0.105441 0.775992 -0.105441 19.579158 -0.879026 0.775992 -0.879026 14.296374 
13.605085 -0.694966 0.274099 -0.694966 17.671460 2.491431 0.274099 2.491431 16.860056 
14.460992 -1.362344 0.284216 -1.362344 20.322841 -0.518297 0.284216 -0.518297 14.456787 
16.279288 1.994226 1.652600 1.994226 15.886583 2.062648 1.652600 2.062648 14.987462 
17.929042 2.135626 -2.373382 2.135626 15.675930 -1.420479 -2.373382 -1.420479 15.330935 
14.531543 0.010247 -0.952358 0.010247 15.291040 -2.128001 -0.952358 -2.128001 17.445694 
18.463627 2.232450 -0.425538 2.232450 15.516183 -0.159876 -0.425538 -0.159876 13.886387 
18.368356 -2.500513 -0.410328 -2.500513 15.319537 -0.161906 -0.410328 -0.161906 13.941344 
13.974183 0.961664 0.411223 0.961664 20.061412 1.036337 0.411223 1.036337 14.263237 
17.916440 -0.185353 2.585314 -0.185353 14.103900 -0.252165 2.585314 -0.252165 15.079771 
17.427219 1.511026 -2.320274 1.511026 15.179077 -2.074948 -2.320274 -2.074948 15.754491 
17.863117 1.505738 -1.800666 1.505738 14.956424 -0.206138 -1.800666 -0.206138 14.464238 
13.966256 -0.959824 0.279327 -0.959824 19.488375 1.146489 0.279327 1.146489 14.459099 
13.542674 0.096873 0.005647 0.096873 15.529518 -2.517327 0.005647 -2.517327 17.424352 
16.705575 -2.803068 -1.604282 -2.803068 17.735863 1.450407 -1.604282 1.450407 14.082931 
16.440014 -2.814307 0.499399 -2.814307 16.245497 -0.863388 0.499399 -0.863388 13.958280 
14.168828 -0.040932 0.044945 -0.040932 19.118941 -2.553949 0.044945 -2.553949 14.989434 
13.819737 -0.062169 -0.218855 -0.062169 16.534683 3.196562 -0.218855 3.196562 17.765046 
14.384937 -2.734795 0.650084 -2.734795 18.144403 -1.287127 0.650084 -1.287127 15.870685 
15.521264 -0.415016 -2.045064 -0.415016 14.892357 1.658856 -2.045064 1.658856 19.197875 
19.919198 0.901317 0.410913 0.901317 15.450098 0.806164 0.410913 0.806164 13.322067 
17.800454 0.045287 2.831755 0.045287 14.377184 -0.466832 2.831755 -0.466832 16.920865 
16.197297 -1.261794 2.731428 -1.261794 15.753574 -0.249947 2.731428 -0.249947 18.677477 
16.820397 -3.167970 -1.052785 -3.167970 16.072861 1.472488 -1.052785 1.472488 15.067670 
13.727807 -1.911805 0.718693 -1.911805 18.762182 -1.637844 0.718693 -1.637844 15.465405 
16.913484 1.934007 2.108714 1.934007 14.970499 1.463855 2.108714 1.463855 15.880129 
14.295943 -1.236407 -0.333311 -1.236407 16.449639 3.003984 -0.333311 3.003984 14.924669 
14.832467 0.101779 -0.948966 0.101779 14.129670 0.812205 -0.948966 0.812205 20.296469 
14.685018 -0.299079 -1.122196 -0.299079 16.135794 2.907496 -1.122196 2.907496 16.952519 
14.546956 1.007360 0.595019 1.007360 15.864412 3.020305 0.595019 3.020305 18.401197 
19.125614 2.930276 0.790816 2.930276 15.613342 0.400820 0.790816 0.400820 14.454967 
14.612638 -3.034644 -0.589503 -3.034644 17.946404 0.601561 -0.589503 0.601561 14.174982 
14.388043 -2.556853 -0.659635 -2.556853 18.330060 -0.296434 -0.659635 -0.296434 14.748326 
15.947558 1.427592 2.143588 1.427592 14.664323 2.726317 2.143588 2.726317 17.124454 
14.505628 1.273081 -1.144668 1.273081 16.674669 -2.122409 -1.144668 -2.122409 15.794723 
14.196131 1.369044 1.314862 1.369044 17.308368 2.098289 1.314862 2.098289 16.603811 
14.663312 0.650019 0.107790 0.650019 17.380985 -3.055652 0.107790 -3.055652 15.927868 
15.016651 1.464798 -1.079394 1.464798 19.145610 -2.782333 -1.079394 -2.782333 15.349507 
14.607047 0.157449 -0.480426 0.157449 13.204115 0.988227 -0.480426 0.988227 19.163680 
15.615869 1.073597 -0.916172 1.073597 17.006452 -3.634429 -0.916172 -3.634429 16.675384 
19.580133 -0.736803 -3.045779 -0.736803 14.579343 0.133214 -3.045779 0.133214 15.320680 
15.730014 0.475529 -2.943804 0.475529 15.598165 -2.154129 -2.943804 -2.154129 19.142120 
15.025922 0.436558 -1.632359 0.436558 14.425816 -0.918806 -1.632359 -0.918806 20.265802 
14.574016 -0.705439 -1.897367 -0.705439 16.448140 2.498379 -1.897367 2.498379 18.064698 
14.883232 1.488222 -0.842225 1.488222 18.264869 -2.377465 -0.842225 -2.377465 15.270630 
14.340251 0.509156 -1.062373 0.509156 15.780958 -2.605893 -1.062373 -2.605893 19.633777 
14.452809 -0.466590 -0.222293 -0.466590 19.288292 -1.361025 -0.222293 -1.361025 14.560669 
14.908392 -0.653618 -0.369858 -0.653618 13.601581 0.801943 -0.369858 0.801943 19.587365 
17.562342 -2.398271 2.339725 -2.398271 16.845059 -1.745105 2.339725 -1.745105 16.066169 
14.473863 -0.706321 -0.425145 -0.706321 17.761129 3.399704 -0.425145 3.399704 17.121009 
13.327517 0.514780 -0.259492 0.514780 17.302514 -2.873874 -0.259492 -2.873874 15.703543 
16.427638 -1.085192 -2.604619 -1.085192 15.251752 1.971234 -2.604619 1.971234 15.925351 
17.410894 -2.310539 -0.369827 -2.310539 15.172196 0.702632 -0.369827 0.702632 14.868179 
14.389558 0.088834 0.183030 0.088834 18.613345 2.635557 0.183030 2.635557 15.715234 
15.063175 1.544330 -1.461352 1.544330 15.253814 -1.608056 -1.461352 -1.608056 16.536583 
17.809738 1.797301 2.719488 1.797301 16.819858 2.004565 2.719488 2.004565 14.781769 
19.015323 -1.775614 1.454849 -1.775614 14.520681 -0.674928 1.454849 -0.674928 14.468930 
13.802947 0.239890 0.073618 0.239890 20.487346 -0.866910 0.073618 -0.866910 14.442940 
18.104808 1.202611 -2.282729 1.202611 15.133001 -0.692933 -2.282729 -0.692933 14.326483 
16.038248 1.652749 -1.680523 1.652749 16.120514 -2.442480 -1.680523 -2.442480 15.736915 
17.258963 -2.830192 1.792269 -2.830192 16.579340 -1.089490 1.792269 -1.089490 15.237110 
18.023843 1.055392 -2.423389 1.055392 14.213953 0.723579 -2.423389 0.723579 15.114579 
19.145736 -0.183778 2.163190 -0.183778 14.275277 -0.261193 2.163190 -0.261193 14.668840 
18.019459 -2.188724 1.349155 -2.188724 16.726660 -0.400443 1.349155 -0.400443 13.958446 
14.891800 1.014052 -1.772287 1.014052 15.589082 -1.962459 -1.772287 -1.962459 17.441992 
14.044965 1.012818 -0.130303 1.012818 18.879635 0.568771 -0.130303 0.568771 13.284786 
18.407869 -1.993641 0.066644 -1.993641 15.375569 -0.249275 0.066644 -0.249275 14.207450 
14.781253 1.345761 -0.644370 1.345761 19.204586 -1.670887 -0.644370 -1.670887 15.285818 
15.434716 -2.249892 -1.867134 -2.249892 18.985108 1.464222 -1.867134 1.464222 16.104645 
15.672899 0.673833 -1.050379 0.673833 15.045689 -2.578891 -1.050379 -2.578891 18.058621 
19.259636 1.457440 -1.465511 1.457440 14.628499 -0.453507 -1.465511 -0.453507 14.314064 
14.890132 -2.065442 -0.566725 -2.065442 18.397021 -1.289047 -0.566725 -1.289047 14.824958 
13.976781 -1.867432 -0.281571 -1.867432 18.585347 0.840311 -0.281571 0.840311 14.894514 
16.734179 -2.392855 -0.667318 -2.392855 17.844473 1.800162 -0.667318 1.800162 14.027249 
14.616581 -0.404759 -0.515244 -0.404759 13.245436 1.241577 -0.515244 1.241577 18.829439 
13.580886 1.516519 0.310333 1.516519 20.302368 1.080703 0.310333 1.080703 15.787417 
16.239892 3.083706 -0.298167 3.083706 18.864120 0.067970 -0.298167 0.067970 14.780159 
15.117548 1.093419 -0.925581 1.093419 18.331672 -2.987494 -0.925581 -2.987494 15.227760 
15.858668 0.703999 -2.419485 0.703999 14.012481 -1.534695 -2.419485 -1.534695 18.113261 
17.993512 -1.768172 -2.113464 -1.768172 15.166859 1.205754 -2.113464 1.205754 14.994766 
14.833636 0.908907 1.107864 0.908907 15.519428 2.056441 1.107864 2.056441 17.630656 
16.690553 -0.998160 -2.277724 -0.998160 13.732806 2.109906 -2.277724 2.109906 18.696696 
14.848869 1.782104 0.411595 1.782104 19.133648 1.307895 0.411595 1.307895 14.728436 
13.708387 -0.848653 0.759348 -0.848653 15.787085 -2.841299 0.759348 -2.841299 18.571902 
17.918375 -3.167069 0.738785 -3.167069 15.217044 -0.218178 0.738785 -0.218178 14.672262 
20.323163 -0.557652 -1.865988 -0.557652 14.445793 -0.100071 -1.865988 -0.100071 15.117294 
17.766063 1.509455 2.782319 1.509455 14.813072 1.197172 2.782319 1.197172 16.715109 
13.786809 1.221573 -1.591444 1.221573 16.330284 -2.352444 -1.591444 -2.352444 18.530636 
18.303516 1.408178 0.329704 1.408178 14.234030 0.144135 0.329704 0.144135 13.741937 
15.653292 -1.431878 2.067738 -1.431878 15.684987 -2.399469 2.067738 -2.399469 17.690678 
15.203089 -2.409071 0.416130 -2.409071 18.714615 -0.549073 0.416130 -0.549073 14.275637 
19.790205 1.856608 1.878615 1.856608 13.761690 0.419296 1.878615 0.419296 15.707227 
19.520162 0.046344 -1.458210 0.046344 13.981873 -0.227567 -1.458210 -0.227567 14.295358 
17.819663 1.367200 3.018983 1.367200 16.388558 2.343751 3.018983 2.343751 17.595115 
20.554436 -2.411416 -1.370259 -2.411416 14.349745 0.619061 -1.370259 0.619061 14.818432 
16.730170 0.781664 -2.692745 0.781664 13.794162 -1.931471 -2.692745 -1.931471 17.522886 
14.564665 0.666395 -0.772532 0.666395 13.979549 -2.387574 -0.772532 -2.387574 19.075028 
18.474917 0.875684 1.947805 0.875684 12.975555 0.236469 1.947805 0.236469 16.181158 
15.331813 -2.464536 1.202922 -2.464536 16.968201 -1.990198 1.202922 -1.990198 15.454349 
14.972299 -1.028674 -0.256790 -1.028674 18.387247 2.133390 -0.256790 2.133390 14.037912 
15.280821 -1.086987 2.556170 -1.086987 14.978508 -0.667267 2.556170 -0.667267 17.891394 
17.463664 -2.581529 0.666425 -2.581529 16.952546 0.410237 0.666425 0.410237 13.720379 
15.927368 2.758468 -0.119717 2.758468 19.070931 0.194525 -0.119717 0.194525 14.242342 
16.306143 1.878484 1.885011 1.878484 15.909932 1.955243 1.885011 1.955243 14.937244 
19.460359 1.099490 2.201972 1.099490 14.257703 0.692980 2.201972 0.692980 15.217840 
15.741852 1.574082 -2.015090 1.574082 15.319998 -0.992889 -2.015090 -0.992889 16.206447 
14.191202 0.115642 0.924410 0.115642 14.221641 -0.726666 0.924410 -0.726666 19.453348 
14.904965 -1.307888 -1.511735 -1.307888 16.800188 2.585296 -1.511735 2.585296 15.924083 
17.099342 -2.894235 -1.128754 -2.894235 16.825866 1.434237 -1.128754 1.434237 14.373619 
15.200046 -1.928167 -1.051772 -1.928167 16.921194 2.179334 -1.051772 2.179334 14.978876 
16.086191 1.800197 -1.552886 1.800197 15.804364 -2.751778 -1.552886 -2.751778 16.470267 
15.519311 1.983139 1.372138 1.983139 17.253608 1.088991 1.372138 1.088991 14.510879 
14.627732 -0.025191 -0.992654 -0.025191 13.968591 -1.469662 -0.992654 -1.469662 19.317407 
18.396578 0.867227 -1.728526 0.867227 13.964113 -0.262727 -1.728526 -0.262727 14.135862 
20.539513 -0.669420 0.976907 -0.669420 14.362274 -0.504520 0.976907 -0.504520 13.622593 
18.307880 -0.461430 2.199549 -0.461430 13.998860 -0.165244 2.199549 -0.165244 14.337032 
18.934872 2.097287 -1.687101 2.097287 14.727690 -0.506755 -1.687101 -0.506755 14.614625 
14.576517 1.863036 0.441323 1.863036 19.510178 1.254076 0.441323 1.254076 14.032777 
15.507265 0.308319 -0.782888 0.308319 15.269844 -3.279840 -0.782888 -3.279840 17.622924 
16.068391 2.711902 1.053717 2.711902 18.285962 1.261642 1.053717 1.261642 15.257129 
17.187859 -1.640618 -2.874889 -1.640618 16.439564 0.922607 -2.874889 0.922607 15.063939 
14.098652 -0.490977 -0.118633 -0.490977 20.199531 -0.007590 -0.118633 -0.007590 14.800308 
18.427238 -2.462643 0.876976 -2.462643 16.021195 -1.718626 0.876976 -1.718626 16.179875 
14.168945 2.246605 0.365307 2.246605 18.645511 1.834591 0.365307 1.834591 15.146452 
14.159817 -1.262296 -1.967378 -1.262296 17.169996 2.314304 -1.967378 2.314304 16.625582 
15.294509 1.836772 -1.732791 1.836772 16.782318 -2.074667 -1.732791 -2.074667 15.687300 
14.177657 -2.547917 1.288559 -2.547917 17.184008 -0.922375 1.288559 -0.922375 14.308584 
18.732691 -2.502447 -1.163597 -2.502447 16.281148 0.548675 -1.163597 0.548675 14.244754 
14.724569 2.079075 1.542321 2.079075 17.031338 1.755885 1.542321 1.755885 16.017429 
14.756764 -2.252819 1.403706 -2.252819 17.961806 -2.166028 1.403706 -2.166028 16.094021 
15.207590 -1.669791 1.663896 -1.669791 16.546758 -2.910193 1.663896 -2.910193 17.439561 
17.887905 0.158306 2.820343 0.158306 13.032342 -0.508029 2.820343 -0.508029 15.813753 
14.923456 -1.955200 1.020865 -1.955200 15.089342 -2.223061 1.020865 -2.223061 17.453629 
13.134598 0.585737 -0.544994 0.585737 14.417744 -0.917240 -0.544994 -0.917240 20.183998 
16.693552 -1.839234 1.827311 -1.839234 15.174568 -1.048350 1.827311 -1.048350 15.106922 
15.951852 -0.784716 2.722642 -0.784716 15.343571 -1.447616 2.722642 -1.447616 16.812887 
18.144515 -1.993687 -2.036069 -1.993687 15.005910 0.112183 -2.036069 0.112183 14.821750 
16.688273 -0.894466 3.456071 -0.894466 14.647967 -0.657857 3.456071 -0.657857 18.175526 
18.798124 1.314352 -0.940567 1.314352 13.535203 -0.792444 -0.940567 -0.792444 14.641492 
14.513069 -0.865857 -1.399313 -0.865857 19.913508 1.975127 -1.399313 1.975127 14.871117 
20.321188 -2.240806 -0.952013 -2.240806 14.443680 0.430997 -0.952013 0.430997 14.715296 
16.779277 -3.464551 1.681795 -3.464551 17.814302 -1.340685 1.681795 -1.340685 15.876729 
16.148384 2.857607 0.595328 2.857607 18.718768 1.274110 0.595328 1.274110 14.850375 
16.194197 -0.799660 2.230838 -0.799660 14.420998 -1.911041 2.230838 -1.911041 18.471651 
14.229759 0.559018 -0.667698 0.559018 15.444814 -2.405479 -0.667698 -2.405479 18.744173 
19.395796 2.254242 -1.994553 2.254242 15.452396 -0.780415 -1.994553 -0.780415 14.906789 
15.172859 -1.546586 -0.775031 -1.546586 17.288081 2.362574 -0.775031 2.362574 15.840844 
14.632420 -1.595845 -2.041223 -1.595845 16.854652 1.706994 -2.041223 1.706994 16.610276 
17.225012 3.025965 0.655550 3.025965 18.711328 0.877012 0.655550 0.877012 14.537258 
16.038011 0.030499 3.141229 0.030499 14.387478 0.343886 3.141229 0.343886 18.930512 
13.307738 0.509165 -0.132737 0.509165 18.472301 -2.247548 -0.132737 -2.247548 14.553498 
14.006789 -0.619884 -0.438233 -0.619884 17.052344 -2.992707 -0.438233 -2.992707 16.545615 
14.880995 0.630160 0.078869 0.630160 18.130791 -1.852107 0.078869 -1.852107 14.439453 
19.870157 0.449329 -1.231696 0.449329 14.419233 -0.218405 -1.231696 -0.218405 14.428723 
14.816880 1.048503 1.310887 1.048503 14.593223 1.555155 1.310887 1.555155 17.443485 
15.808913 2.466839 -0.113029 2.466839 18.413963 -2.828547 -0.113029 -2.828547 15.188486 
15.468190 -2.414924 -0.907459 -2.414924 18.248609 1.321795 -0.907459 1.321795 14.288127 
15.308184 -2.444221 -1.404043 -2.444221 17.671507 2.212731 -1.404043 2.212731 15.753563 
18.608351 -1.381045 -1.831108 -1.381045 14.186875 -0.255493 -1.831108 -0.255493 14.769077 
14.761715 0.053461 0.449310 0.053461 20.622913 -1.181624 0.449310 -1.181624 13.790939 
14.577768 -0.087656 -0.903435 -0.087656 14.762947 -2.193672 -0.903435 -2.193672 19.330091 
20.278812 -0.837435 -0.099671 -0.837435 14.126831 0.024487 -0.099671 0.024487 13.944783 
14.345332 0.303244 -0.676940 0.303244 13.919663 -0.793612 -0.676940 -0.793612 20.499888 
20.095525 1.233387 -0.359685 1.233387 13.882254 -0.357301 -0.359685 -0.357301 14.264461 
17.149150 1.396488 2.632316 1.396488 14.412166 0.698901 2.632316 0.698901 17.864928 
13.914074 0.767488 0.138829 0.767488 14.420410 -2.124376 0.138829 -2.124376 18.936831 
17.637050 2.535805 2.233360 2.535805 15.736719 1.178373 2.233360 1.178373 15.363886 
14.733776 1.604111 1.784014 1.604111 16.315021 2.760946 1.784014 2.760946 16.650563 
13.913272 1.097544 -0.174555 1.097544 20.153122 0.792998 -0.174555 0.792998 14.022184 
16.561236 1.188965 3.049878 1.188965 14.973552 1.047912 3.049878 1.047912 17.412399 
19.150673 -1.972264 1.686217 -1.972264 14.799556 -0.182871 1.686217 -0.182871 14.551663 
17.378723 2.513591 1.249546 2.513591 16.737044 0.913055 1.249546 0.913055 14.763912 
15.924120 -2.577215 0.793345 -2.577215 19.292581 -0.369519 0.793345 -0.369519 14.748303 
17.304883 -2.143942 -0.747482 -2.143942 17.960807 -0.355628 -0.747482 -0.355628 13.622122 
19.983125 0.177343 -2.038768 0.177343 14.569710 0.005603 -2.038768 0.005603 14.892146 
16.004125 -3.552273 -0.998326 -3.552273 16.936377 1.489383 -0.998326 1.489383 15.468094 
14.330069 0.036609 0.661522 0.036609 20.226724 -1.348463 0.661522 -1.348463 13.743582 
15.602125 -1.566284 -2.241160 -1.566284 16.085560 2.583014 -2.241160 2.583014 17.833575 
14.178806 -0.370953 0.749380 -0.370953 17.758735 -3.282089 0.749380 -3.282089 17.226863 
16.033090 -0.614203 2.423455 -0.614203 13.872927 -1.109402 2.423455 -1.109402 18.553691 
14.030358 0.249450 0.486318 0.249450 19.788207 -2.040238 0.486318 -2.040238 14.777487 
18.911668 0.689185 0.719738 0.689185 12.882433 0.520315 0.719738 0.520315 14.553693 
14.052569 0.244377 -0.557188 0.244377 20.754284 1.651796 -0.557188 1.651796 14.652314 
17.679900 2.659372 -1.167204 2.659372 14.778334 -0.234051 -1.167204 -0.234051 14.913317 
15.051605 0.114054 1.190193 0.114054 14.675084 2.123697 1.190193 2.123697 19.130752 
17.495364 -3.278255 0.841689 -3.278255 15.606416 -1.163790 0.841689 -1.163790 15.134339 
14.891995 0.979751 1.095549 0.979751 16.355184 3.151123 1.095549 3.151123 17.734155 
14.176426 0.276019 0.096408 0.276019 20.211481 -1.128113 0.096408 -1.128113 14.270199 
15.952729 -2.445672 -1.581411 -2.445672 15.126186 1.239186 -1.581411 1.239186 14.777178 
13.062610 -0.499028 -0.099531 -0.499028 15.607871 2.344561 -0.099531 2.344561 19.148583 
15.091330 0.134957 1.038210 0.134957 21.258844 1.926326 1.038210 1.926326 13.876320 
19.166333 -1.971026 -0.385672 -1.971026 16.496728 -0.101564 -0.385672 -0.101564 12.977649 
18.982087 3.126306 1.235291 3.126306 14.655784 0.940211 1.235291 0.940211 15.530048 
19.932914 -0.047541 -0.986171 -0.047541 13.106005 0.649200 -0.986171 0.649200 15.094897 
16.625041 -1.898980 -2.481288 -1.898980 15.265393 1.555619 -2.481288 1.555619 15.179286 
17.480963 -2.594187 -1.160959 -2.594187 15.804087 0.560234 -1.160959 0.560234 14.544555 
17.786012 -2.631327 1.640802 -2.631327 14.711443 -0.925966 1.640802 -0.925966 15.255799 
14.960558 2.445861 0.283282 2.445861 20.363501 -0.402935 0.283282 -0.402935 14.670446 
15.267423 1.224204 2.187443 1.224204 15.465822 1.963864 2.187443 1.963864 18.532571 
15.037356 0.604251 -0.957925 0.604251 17.674109 -3.272943 -0.957925 -3.272943 16.282562 
15.555125 -2.190092 1.570374 -2.190092 16.244164 -1.077625 1.570374 -1.077625 16.521570 
19.805313 1.017879 -2.206764 1.017879 15.429211 -0.545540 -2.206764 -0.545540 14.258582 
15.290246 2.228189 -0.882003 2.228189 18.334014 -1.298183 -0.882003 -1.298183 14.710273 
14.930157 0.664180 0.157068 0.664180 17.187743 -3.324965 0.157068 -3.324965 18.842615 
16.743383 -2.399567 -2.002174 -2.399567 16.212072 1.864036 -2.002174 1.864036 15.360496 
17.445076 -0.647751 2.290216 -0.647751 14.252682 -0.461654 2.290216 -0.461654 15.650468 
15.040310 -2.320511 0.950636 -2.320511 17.909124 -1.750851 0.950636 -1.750851 14.580996 
16.047766 0.702775 -2.284969 0.702775 13.663465 0.121191 -2.284969 0.121191 18.280697 
15.511894 0.176281 -2.764667 0.176281 13.513911 -0.271651 -2.764667 -0.271651 18.522535 
14.297407 -1.122636 1.519015 -1.122636 13.340352 -0.318624 1.519015 -0.318624 19.425156 
16.318708 -3.194585 1.286942 -3.194585 16.373327 -0.817966 1.286942 -0.817966 15.029875 
14.252333 -1.817927 -0.714284 -1.817927 19.735004 2.313044 -0.714284 2.313044 15.448347 
14.805001 0.062538 1.621187 0.062538 15.223189 1.851236 1.621187 1.851236 18.605676 
15.587570 -1.757854 0.834224 -1.757854 18.385466 -2.481291 0.834224 -2.481291 16.458257 
18.079501 -2.808446 0.710975 -2.808446 16.375639 -0.549426 0.710975 -0.549426 13.299374 
14.608642 0.380593 2.454842 0.380593 15.131068 0.011488 2.454842 0.011488 19.667365 
16.620901 -0.629086 2.692207 -0.629086 14.077093 -0.443433 2.692207 -0.443433 16.660596 
15.347208 -0.834466 2.295270 -0.834466 15.311681 -1.641632 2.295270 -1.641632 18.245346 
15.769542 2.278685 -1.338858 2.278685 18.402961 -0.289322 -1.338858 -0.289322 13.744787 
18.428070 3.070254 -0.080290 3.070254 16.806096 0.236819 -0.080290 0.236819 13.796004 
17.992160 -2.232969 -1.261924 -2.232969 15.671983 0.809833 -1.261924 0.809833 14.019614 
14.070462 0.295603 0.988363 0.295603 14.724692 2.225150 0.988363 2.225150 18.496028 
15.554399 0.598772 0.670331 0.598772 13.752910 0.746515 0.670331 0.746515 20.180937 
16.859887 2.785834 -1.649627 2.785834 16.296205 -1.044922 -1.649627 -1.044922 15.140942 
15.037157 -1.079803 2.564943 -1.079803 14.473265 -1.324404 2.564943 -1.324404 18.136851 
15.853908 1.594632 2.095390 1.594632 16.461600 2.989997 2.095390 2.989997 16.546232 
17.349004 1.567659 2.228420 1.567659 15.098198 1.318509 2.228420 1.318509 16.174562 
14.141119 -1.802626 -0.662476 -1.802626 20.177019 0.082979 -0.662476 0.082979 14.494836 
14.725824 -1.744050 1.241797 -1.744050 16.821553 -2.419423 1.241797 -2.419423 16.773006 
15.438603 3.126624 0.376784 3.126624 18.202576 -0.614345 0.376784 -0.614345 14.980653 
14.097146 1.295514 2.038603 1.295514 15.622504 1.621625 2.038603 1.621625 17.785055 
19.791241 0.288918 -0.050610 0.288918 13.361884 0.203962 -0.050610 0.203962 14.452965 
14.228890 0.420174 1.340519 0.420174 15.053995 2.254443 1.340519 2.254443 18.210601 
13.673153 -0.476264 0.695406 -0.476264 14.818441 -1.518459 0.695406 -1.518459 19.127295 
14.778061 1.644382 1.848831 1.644382 15.784604 2.100860 1.848831 2.100860 18.759396 
17.542067 -0.637122 -2.746507 -0.637122 13.545546 -0.721734 -2.746507 -0.721734 17.154518 
20.179006 1.909131 1.037442 1.909131 14.792471 0.428634 1.037442 0.428634 13.950051 
14.765726 0.241229 0.903980 0.241229 13.658507 -0.098331 0.903980 -0.098331 19.748572 
15.356648 1.144253 1.232941 1.144253 17.611665 2.802071 1.232941 2.802071 14.912510 
15.311873 0.822757 -0.348803 0.822757 20.773897 -0.906775 -0.348803 -0.906775 14.254490 
17.483163 2.201553 0.976165 2.201553 13.927376 0.533370 0.976165 0.533370 14.034810 
16.335667 2.778801 0.995952 2.778801 18.429451 1.183803 0.995952 1.183803 14.445612 
19.162288 -1.594179 0.062475 -1.594179 14.764300 -1.088421 0.062475 -1.088421 13.445269 
14.907143 -0.992569 -1.789417 -0.992569 14.913592 1.998107 -1.789417 1.998107 16.800229 
13.416024 0.763817 0.568348 0.763817 16.562639 3.006600 0.568348 3.006600 19.021985 
13.726846 -0.920771 0.479830 -0.920771 17.970371 -2.226302 0.479830 -2.226302 14.724950 
17.486602 -3.555209 -1.593889 -3.555209 18.415352 0.747983 -1.593889 0.747983 15.418017 
19.966995 -2.411421 -0.140577 -2.411421 15.748212 0.185006 -0.140577 0.185006 14.023233 
13.441002 0.092531 -1.133198 0.092531 16.046417 1.682694 -1.133198 1.682694 19.824705 
15.312836 -1.583705 0.235265 -1.583705 18.663952 -3.274678 0.235265 -3.274678 15.286145 
20.250341 0.828437 -0.814365 0.828437 13.660397 0.123021 -0.814365 0.123021 14.974455 
14.094837 0.479585 0.149283 0.479585 19.343457 2.429504 0.149283 2.429504 15.531351 
13.803229 0.354783 -0.170519 0.354783 17.436748 3.344740 -0.170519 3.344740 16.999103 
19.407142 -0.999959 -2.188121 -0.999959 14.943597 0.159954 -2.188121 0.159954 14.698872 
15.193286 -1.184509 -2.097365 -1.184509 16.667231 2.915178 -2.097365 2.915178 18.093773 
14.937468 1.500384 1.910659 1.500384 15.446738 2.229533 1.910659 2.229533 16.680246 
15.580573 -1.487579 0.527316 -1.487579 17.291153 -3.715405 0.527316 -3.715405 17.963859 
19.191577 -3.346347 -0.289387 -3.346347 15.405323 -0.577160 -0.289387 -0.577160 15.200023 
18.765713 1.559132 1.656638 1.559132 15.152587 1.090860 1.656638 1.090860 15.417040 
17.236494 -2.902817 0.431886 -2.902817 16.099380 -0.838955 0.431886 -0.838955 13.672804 
13.918359 -0.497834 0.718042 -0.497834 19.887776 -1.157384 0.718042 -1.157384 14.096934 
18.565438 0.909425 2.306699 0.909425 14.250142 0.337982 2.306699 0.337982 15.473517 
14.543468 0.451671 -0.811492 0.451671 13.319724 0.364911 -0.811492 0.364911 19.415493 
18.869870 -2.342869 0.535576 -2.342869 14.730795 -1.457686 0.535576 -1.457686 15.616539 
15.279501 -0.012827 -2.555469 -0.012827 14.809470 2.070390 -2.555469 2.070390 18.051967 
16.800016 2.083486 0.639088 2.083486 17.988161 1.912029 0.639088 1.912029 13.853532 
15.761158 2.069535 -0.260568 2.069535 19.606905 0.783313 -0.260568 0.783313 13.390442 
15.958300 -1.354244 1.471537 -1.354244 17.796091 -2.788771 1.471537 -2.788771 16.280354 
15.610685 -2.478067 1.317673 -2.478067 16.731017 -1.566651 1.317673 -1.566651 15.189006 
13.986760 -0.035442 -0.801504 -0.035442 19.383458 0.858878 -0.801504 0.858878 13.930511 
15.781991 2.495550 0.499556 2.495550 18.100302 0.768289 0.499556 0.768289 13.760277 
14.271675 1.100300 -0.991540 1.100300 16.923353 -2.568809 -0.991540 -2.568809 15.073336 
15.364170 1.900161 2.264331 1.900161 15.819515 1.217841 2.264331 1.217841 18.453510 
14.265599 -0.356604 0.906322 -0.356604 15.740557 -2.571888 0.906322 -2.571888 19.528210 
16.221902 3.196067 0.231947 3.196067 17.977781 1.036614 0.231947 1.036614 14.613810 
18.435036 -2.908250 1.432133 -2.908250 14.590178 -0.975700 1.432133 -0.975700 14.509909 
15.406115 0.894870 0.799370 0.894870 18.266719 2.758872 0.799370 2.758872 14.638116 
13.724793 -0.350923 0.548536 -0.350923 17.721336 -3.108949 0.548536 -3.108949 16.500293 
16.441982 -2.016040 -2.134916 -2.016040 17.721297 2.122009 -2.134916 2.122009 15.390755 
15.513747 2.215027 -0.567129 2.215027 19.081689 -0.784131 -0.567129 -0.784131 13.834791 
14.103580 -0.224834 -1.289717 -0.224834 19.675068 2.315541 -1.289717 2.315541 15.900106 
14.738948 0.605884 -1.402855 0.605884 13.638438 -0.648998 -1.402855 -0.648998 19.248298 
15.664689 -0.672095 -0.921966 -0.672095 15.574822 3.451142 -0.921966 3.451142 17.812093 
15.120947 1.248621 2.075603 1.248621 15.892734 2.221330 2.075603 2.221330 16.975556 
15.343784 0.515734 -0.865811 0.515734 19.264004 -1.748498 -0.865811 -1.748498 13.644676 
18.559185 -2.069721 -0.358049 -2.069721 13.426408 -0.046994 -0.358049 -0.046994 14.100320 
19.623545 -0.939766 2.056667 -0.939766 13.143092 -0.431390 2.056667 -0.431390 16.247147 
15.966448 -2.264268 1.531770 -2.264268 16.571676 -1.576372 1.531770 -1.576372 15.124187 
20.384609 -0.168786 -1.537814 -0.168786 14.142568 0.329686 -1.537814 0.329686 15.614978 
16.542663 -3.035376 0.055526 -3.035376 16.116113 0.269726 0.055526 0.269726 15.226618 
17.281166 -2.771656 -1.037283 -2.771656 17.541483 1.218676 -1.037283 1.218676 14.369375 
16.900490 3.348289 -0.676586 3.348289 16.882404 -1.048056 -0.676586 -1.048056 15.140421 
17.487445 -2.372829 1.597806 -2.372829 15.126818 -1.003026 1.597806 -1.003026 14.616099 
17.514864 -2.355585 -1.703842 -2.355585 16.177080 1.334708 -1.703842 1.334708 15.037874 
17.869431 3.609507 -0.136566 3.609507 16.161498 -0.028382 -0.136566 -0.028382 14.965527 
14.512848 0.729108 -0.714186 0.729108 16.483906 -3.167664 -0.714186 -3.167664 19.348384 
16.667632 -2.466108 -1.763873 -2.466108 15.552056 1.749119 -1.763873 1.749119 15.706220 
17.964023 0.769847 -3.409486 0.769847 14.690976 -0.525367 -3.409486 -0.525367 17.430119 
15.736326 1.966059 -1.700964 1.966059 16.958230 -2.584998 -1.700964 -2.584998 16.130268 
17.099658 1.956704 -1.201364 1.956704 18.659747 -1.506564 -1.201364 -1.506564 13.830518 
15.973670 1.426568 -2.286260 1.426568 15.682354 -2.021575 -2.286260 -2.021575 17.067753 
18.528497 3.095324 1.871626 3.095324 16.035944 0.330337 1.871626 0.330337 15.356443 
16.406961 2.258665 -0.402568 2.258665 18.888822 1.238117 -0.402568 1.238117 13.801649 
15.280396 -0.830786 2.307348 -0.830786 14.690740 -1.524014 2.307348 -1.524014 17.672271 
15.097214 -1.313246 1.573309 -1.313246 16.639584 -2.800723 1.573309 -2.800723 15.814315 
16.382095 2.477849 -2.182968 2.477849 16.892438 -0.791908 -2.182968 -0.791908 14.510498 
21.602441 1.326321 0.867086 1.326321 14.913872 0.262673 0.867086 0.262673 14.638364 
14.929082 1.569988 0.586365 1.569988 18.587506 1.523634 0.586365 1.523634 15.029548 
17.573025 -1.829354 2.500671 -1.829354 15.411639 -1.555742 2.500671 -1.555742 15.869099 
17.481917 2.299329 -1.840048 2.299329 16.879974 -2.114374 -1.840048 -2.114374 14.716330 
15.380215 1.187597 -2.655332 1.187597 16.031717 -1.855016 -2.655332 -1.855016 17.997738 
17.393967 0.941834 3.028233 0.941834 14.168676 0.822477 3.028233 0.822477 18.511225 
18.508678 -0.167362 2.809865 -0.167362 14.499739 0.286307 2.809865 0.286307 16.419704 
17.540717 -2.776484 -1.015120 -2.776484 17.645367 1.192117 -1.015120 1.192117 13.676433 
19.325273 2.034261 0.390950 2.034261 15.103218 -0.564295 0.390950 -0.564295 14.434664 
17.879358 1.264975 3.980760 1.264975 15.855130 0.489293 3.980760 0.489293 16.778511 
17.706272 -0.717425 2.906283 -0.717425 14.787980 -0.641909 2.906283 -0.641909 16.104386 
16.763989 2.679843 -0.903542 2.679843 17.457852 -0.318422 -0.903542 -0.318422 12.777524 
13.874775 -0.147097 0.407111 -0.147097 16.734736 -2.931022 0.407111 -2.931022 17.258422 
13.929583 -0.202125 -0.332966 -0.202125 20.211275 1.015281 -0.332966 1.015281 15.148794 
19.042226 -2.095238 -0.834929 -2.095238 15.568880 1.633309 -0.834929 1.633309 14.944933 
16.893684 -3.045596 -0.183481 -3.045596 15.331260 1.077938 -0.183481 1.077938 14.367475 
17.097609 -2.375968 1.934631 -2.375968 16.119901 -1.930850 1.934631 -1.930850 15.573729 
14.631869 2.066639 -0.213234 2.066639 18.999033 -0.061243 -0.213234 -0.061243 13.983849 
17.079256 1.769415 -2.581528 1.769415 14.984910 -1.509303 -2.581528 -1.509303 15.943321 
14.681899 1.941062 -0.669806 1.941062 18.525642 -1.854783 -0.669806 -1.854783 14.416019 
14.054474 -0.250907 -0.035178 -0.250907 19.481895 1.496888 -0.035178 1.496888 14.677515 
17.564252 1.978506 -0.397015 1.978506 14.621188 0.023334 -0.397015 0.023334 14.791370 
17.877896 0.336931 -2.048075 0.336931 13.204340 -0.675730 -2.048075 -0.675730 16.561057 
16.096736 -2.654298 1.571974 -2.654298 17.404753 -1.993253 1.571974 -1.993253 15.585550 
17.706397 -2.530417 -1.290022 -2.530417 15.776024 0.746915 -1.290022 0.746915 14.563220 
14.269700 0.590386 -1.896598 0.590386 13.569287 -0.742320 -1.896598 -0.742320 18.402253 
16.433506 -0.665951 -2.710187 -0.665951 14.805152 1.332696 -2.710187 1.332696 19.706395 
20.376484 2.216547 0.339194 2.216547 15.861666 0.189038 0.339194 0.189038 14.102099 
14.950859 -2.797256 -0.700321 -2.797256 17.448889 1.074301 -0.700321 1.074301 13.722680 
16.753329 -1.381697 2.976734 -1.381697 15.631853 -0.832650 2.976734 -0.832650 15.142797 
13.301064 -1.179557 -0.550211 -1.179557 15.859768 1.964223 -0.550211 1.964223 18.621749 
16.099491 -2.323946 -2.275196 -2.323946 15.216366 1.512352 -2.275196 1.512352 17.845177 
16.668136 -2.979573 1.106193 -2.979573 17.415178 -0.208800 1.106193 -0.208800 14.301968 
13.897006 -0.965512 -0.604055 -0.965512 17.785345 3.294480 -0.604055 3.294480 17.016192 
13.873219 0.731863 -0.584342 0.731863 19.012297 -2.946956 -0.584342 -2.946956 15.784304 
14.174896 0.797158 0.560027 0.797158 15.043386 2.538339 0.560027 2.538339 18.075379 
14.988660 2.414061 0.080386 2.414061 18.822582 -0.065342 0.080386 -0.065342 13.574545 
14.346304 -0.596407 -0.920721 -0.596407 18.236073 2.441894 -0.920721 2.441894 15.927279 
13.820388 -0.195135 0.096413 -0.195135 14.207390 1.548252 0.096413 1.548252 19.612171 
19.821465 -1.207703 0.701623 -1.207703 14.016608 -0.115381 0.701623 -0.115381 14.481072 
13.896321 0.387464 -0.274527 0.387464 16.771135 -2.579681 -0.274527 -2.579681 18.042361 
17.219643 2.188177 -1.323425 2.188177 15.331650 -2.312318 -1.323425 -2.312318 15.386143 
15.397167 -2.023455 1.212019 -2.023455 18.412232 -2.330426 1.212019 -2.330426 15.052143 
14.133674 -0.467836 0.084416 -0.467836 20.339876 0.499648 0.084416 0.499648 14.057999 
13.807876 -0.691389 -1.256150 -0.691389 16.604960 2.442716 -1.256150 2.442716 17.726395 
15.157926 2.707110 -0.380725 2.707110 18.560832 0.358614 -0.380725 0.358614 13.676801 
12.985040 0.019009 -0.334250 0.019009 16.135421 2.139691 -0.334250 2.139691 17.450002 
13.999120 -1.270447 0.004401 -1.270447 17.762148 -2.701144 0.004401 -2.701144 17.215633 
14.660155 -1.603058 1.779467 -1.603058 18.545449 -1.744003 1.779467 -1.744003 15.884126 
14.411957 -1.836072 0.642045 -1.836072 17.804328 -2.310508 0.642045 -2.310508 17.037594 
14.720554 0.093041 0.435555 0.093041 14.780626 -0.696690 0.435555 -0.696690 20.291079 
18.889722 2.304342 -1.930993 2.304342 15.084810 -1.095825 -1.930993 -1.095825 15.470891 
17.070193 1.175884 -2.736630 1.175884 13.835915 -0.416231 -2.736630 -0.416231 19.180625 
