0.241269 0.405941 0.373674 
-0.089583 0.102007 0.595185 
-1.118092 -0.112429 0.129256 
-0.003576 0.571648 0.204208 
0.503155 0.869771 -0.205268 
0.249168 -0.201065 0.214478 
0.565015 0.369189 -0.328117 
-0.057667 -0.039711 -0.167329 
-0.134748 0.690113 -0.161239 
-0.394233 -0.420489 -0.170178 
-0.599496 -0.257733 0.282618 
-0.338411 -0.070361 0.020274 
0.569743 -0.013066 0.152788 
-0.248714 0.430855 0.004338 
-0.319689 -0.085664 0.153316 
-0.309865 -0.228404 -0.506956 
-0.091564 0.637295 0.226599 
0.419345 0.214583 0.043768 
0.502097 0.032059 0.353278 
-0.424070 -0.263457 0.465070 
0.234058 -0.107326 0.042616 
-0.335257 0.422384 -0.694239 
0.151047 0.528774 0.096804 
-0.544017 0.206258 0.948370 
-0.512345 -0.129146 0.081043 
0.069287 -0.044675 0.469624 
-0.111166 0.273571 -0.127006 
0.661730 -0.142252 0.533178 
-0.467100 -0.462885 -0.085845 
-0.027001 -0.532464 0.519253 
-0.759008 0.181455 0.101161 
0.033924 0.464851 0.279035 
-0.518134 0.024423 0.513469 
0.066851 -0.087816 -0.072018 
0.502182 -0.107807 -0.110173 
0.296878 0.264998 -1.260626 
-0.316152 0.167849 -0.167659 
0.619610 -0.174745 0.030787 
0.908798 0.310458 0.418481 
-0.492874 0.334865 -0.346792 
-0.380017 0.479107 0.042559 
0.110047 -0.657468 0.325349 
-0.057056 -0.037575 -0.040906 
-0.258526 -0.432840 -0.497120 
-0.134009 0.566876 -0.291900 
-0.333477 -0.128469 -0.387418 
0.487878 0.011661 -0.275429 
0.095192 -0.687868 -0.299476 
-0.751682 0.392816 -0.119722 
-0.950948 0.245813 0.044243 
-0.042222 0.105690 -0.269148 
0.034388 -0.662749 -0.358646 
-0.609284 0.163066 -0.274292 
-0.301635 -0.260113 0.193208 
-0.387745 -0.348033 0.152225 
-0.556074 -0.283343 0.110170 
-0.231610 -0.523462 0.119468 
-0.113976 0.649362 0.197542 
0.079344 0.057013 0.260055 
0.345008 -0.822219 -0.700335 
-0.287771 -0.166924 0.264812 
-0.607441 0.039756 0.153095 
0.227450 -0.453124 0.204645 
0.737521 0.098117 0.107077 
-0.429462 -0.734317 0.127710 
-0.389046 0.116107 0.033339 
0.359186 -0.810087 -0.372873 
0.353935 0.273439 -0.755735 
0.453210 0.287127 0.153897 
-0.582976 0.008264 0.082212 
0.149263 -0.090362 0.275656 
0.104827 0.279273 -0.661913 
0.617200 -0.246689 -0.365593 
-0.574743 0.207229 -0.009831 
0.231552 0.670599 -0.095316 
-0.505870 -0.223194 -0.155179 
0.342692 -0.307788 -0.004377 
0.175148 0.720509 0.043993 
0.800343 0.728440 0.374891 
-0.816676 0.566961 -0.528482 
-0.818978 0.501418 0.368408 
0.257291 -0.073104 0.597323 
0.237358 -0.043039 -0.640713 
-0.182365 -0.203498 -0.177078 
0.307705 0.221420 -0.579820 
0.101052 0.566756 -0.568249 
-0.414775 0.651181 -0.019767 
0.381415 0.185599 0.654493 
0.171184 -0.200060 -0.434794 
0.228101 -0.431824 0.138610 
-0.581136 0.329515 -0.152478 
-0.279767 -0.661974 -0.238135 
0.224560 -0.015330 -0.130048 
0.680885 0.096017 0.352185 
-0.357303 -0.489897 0.121648 
-0.308665 -0.368698 -0.359720 
-0.540622 -0.190787 -0.690568 
0.508582 0.294190 -0.180556 
0.202520 0.340008 0.190472 
-0.459552 -0.563021 0.307544 
0.149011 0.007570 -0.365609 
-0.280361 0.326182 -0.065603 
-0.742606 -0.288837 0.299093 
0.453003 -0.043363 -0.054475 
0.700764 0.084439 0.233720 
-0.473247 -0.254443 0.112940 
0.583065 -0.599025 -0.004839 
0.342229 -0.120186 0.338164 
-0.066931 0.025154 -0.141366 
0.192316 0.710172 0.109259 
0.228867 0.484682 -0.301763 
0.121098 0.470280 -0.007586 
0.459406 0.342987 -0.091971 
0.690383 0.071250 0.078793 
0.631412 -0.129794 -0.296426 
0.101086 0.520503 0.229295 
-0.418174 -0.666684 0.167066 
-0.515940 -0.207678 -0.390299 
-0.022264 -0.365961 0.648362 
0.495978 -0.385127 -0.476629 
-0.254910 0.313218 -0.268549 
0.763927 -0.309236 -0.158363 
-0.259881 -0.077193 0.629702 
0.696839 0.364969 -0.078814 
0.573911 0.425598 0.843400 
-0.576145 -0.095114 -0.387481 
-0.573180 -0.113201 0.373969 
0.323375 0.405094 -0.144316 
-0.387308 0.027925 -0.568681 
0.420713 -0.311817 0.264300 
-0.355329 -0.326227 0.360482 
-0.149469 -0.639118 0.318718 
0.470882 0.102557 0.320167 
0.022195 0.056707 0.524492 
0.100334 0.510560 0.399102 
0.472040 -0.010616 -0.235918 
0.175914 0.039600 0.420484 
0.022418 0.146893 0.299711 
-0.375752 0.081821 -0.511659 
-0.642248 -0.210929 0.617282 
-0.560595 0.091926 0.117610 
-0.688782 -0.245517 -0.087195 
-0.053040 -0.910278 -0.083664 
0.225367 0.545214 -0.381987 
0.494730 0.272122 0.022481 
0.175748 0.183009 0.123498 
0.207569 0.294476 0.322162 
0.198685 0.851669 -0.250938 
0.042082 -0.081699 0.407633 
-0.218883 -0.354061 -0.249072 
-0.540035 -0.900720 -0.398286 
-0.025590 0.443601 0.089298 
-0.212836 -0.477608 -0.382588 
0.646023 -0.089321 -0.829828 
-0.572183 -0.464601 -0.573763 
0.016822 0.278255 -0.751828 
0.114272 0.672155 0.098092 
-0.352830 -0.456389 0.310351 
-0.379785 -0.269383 -0.448357 
0.960129 0.056731 0.019638 
-0.395277 -0.809470 -0.221029 
0.590647 -0.332186 0.097983 
0.365169 -0.608157 0.067386 
0.606122 -0.074926 -0.480777 
0.707560 -0.191831 0.119615 
-0.157795 0.174000 0.316457 
-0.345245 -0.412374 0.294506 
-0.025191 0.541872 0.177902 
-0.503771 0.223593 0.182851 
-0.367372 -0.426736 -0.476868 
-0.002106 0.118850 0.381494 
-0.084757 -0.043629 -0.144066 
-0.005355 -0.333699 0.579837 
-0.122503 0.781189 -0.308867 
0.117449 0.011354 0.066134 
-0.262132 0.290137 -0.068634 
0.081641 0.026592 0.211932 
-0.431577 0.109015 -0.470810 
-0.392907 -0.014775 0.004300 
-0.109199 0.351722 -0.177725 
-0.575507 -0.668908 0.278888 
0.439649 -0.355788 -0.708286 
-0.841367 -0.283105 0.242899 
0.223818 0.188385 0.506193 
0.357932 -0.669520 0.048268 
-0.198863 -0.590326 -0.049217 
-0.060596 -0.236595 0.295176 
-0.307130 0.267455 0.684982 
0.551759 0.497865 0.066959 
-0.181715 -0.151997 0.744550 
1.047543 -0.042611 -0.020687 
0.498994 0.084556 -0.290992 
0.222370 -0.040920 -0.393446 
-0.294278 0.322706 -0.423004 
0.164417 0.268100 -0.185954 
-0.471904 -0.440761 0.450849 
-0.647729 -0.406979 -0.264795 
0.401571 0.523516 0.411881 
0.603192 -0.065264 0.231351 
0.462896 -0.146406 -0.089083 
-0.404556 0.053961 -0.846156 
0.264025 -0.249142 -0.563086 
-0.530374 -0.521304 -0.291253 
-0.109442 0.168849 -0.906231 
-0.027963 0.152590 0.289116 
0.134052 0.116116 -0.120791 
-0.133559 -0.301905 -0.399215 
-0.327974 0.468931 0.243715 
-0.409462 -0.378476 -0.412771 
-0.698686 0.168271 -0.250556 
0.268895 -0.045243 -0.712937 
-0.879440 0.028839 0.285105 
0.268591 -0.114657 0.069737 
-0.444947 0.108359 -0.536902 
0.081641 0.219855 -0.200699 
0.086578 -0.501803 0.023050 
-0.449893 -0.240692 -0.631294 
0.593577 -0.226283 0.349047 
-0.233316 -0.047439 0.102397 
-0.006578 0.536383 0.014072 
0.941891 -0.270602 0.122494 
0.262257 0.237488 -0.129826 
-0.430529 -0.422117 -0.142716 
0.155850 0.555634 -0.857543 
-0.056120 0.617054 -0.306625 
-0.181977 0.873323 0.541109 
0.592248 -0.135396 0.070793 
0.275128 -0.432011 -0.119289 
0.321309 0.101035 0.158547 
0.463345 0.175688 -0.012653 
0.099732 -0.306680 0.343015 
-0.245422 -0.855073 0.025568 
-0.300208 1.066899 0.550352 
-0.379289 0.026595 0.183511 
-0.286829 -0.281971 0.105668 
-0.007987 -0.467521 0.488630 
0.387337 -0.433174 0.258466 
-0.565659 0.410886 -0.070072 
0.323982 -0.186463 0.023038 
0.543528 -0.188262 0.084638 
0.065611 0.164606 -0.495729 
0.815740 -0.271774 0.457171 
0.386930 -0.053891 0.211467 
-0.223363 -0.557738 0.457930 
-0.363380 0.761763 -0.224367 
-0.785661 -0.539782 -0.087928 
-0.867968 -0.207834 0.027571 
0.005200 -0.565976 0.433552 
0.530894 0.296056 0.335121 
0.495020 -0.100762 -0.126352 
0.395157 0.143109 -0.637258 
0.002515 -0.307784 0.184395 
0.304474 0.554488 0.181387 
0.395637 -0.485615 0.336968 
-0.411149 0.014749 -0.833893 
-0.060528 0.533301 -0.759808 
-0.350673 -0.436603 -0.501530 
0.089224 -0.479492 0.574714 
-0.501253 -0.354924 0.121412 
0.204581 0.818019 0.121137 
0.193847 -0.240056 -0.217230 
-0.635564 -0.066689 0.340508 
-0.245063 -0.596046 -0.280923 
-0.500878 0.134636 -0.016687 
-0.324080 0.247779 0.009905 
-0.060412 0.050942 -0.567295 
-0.779480 0.220112 0.130119 
0.123356 -0.051162 0.441830 
-0.004464 -0.073822 -0.432455 
-0.176221 0.466682 0.373352 
-0.561835 -0.161509 -0.386324 
0.283560 -0.749265 0.607606 
-0.036779 0.121976 0.130013 
-0.186162 0.388072 -0.288504 
-0.036272 -0.239335 0.529033 
-0.425747 0.103356 -0.606514 
-0.267740 -0.176610 -0.686699 
0.086343 0.278907 -0.789324 
-0.397420 -0.357014 0.860458 
0.602397 -0.335239 -0.596215 
0.433156 -0.201608 -0.255959 
0.308313 0.290846 -0.902544 
-0.441233 0.313680 -0.101640 
0.174986 -0.414761 -0.277151 
-0.275661 0.596318 0.126721 
0.135530 0.456165 0.140316 
0.027572 0.383489 -0.240802 
-0.401580 -0.034533 0.721985 
-0.122774 0.509869 -0.129891 
-0.818036 0.306138 0.570064 
-0.318311 -0.470580 0.754941 
-0.855593 0.319459 -0.211550 
0.648643 -0.244559 0.199272 
0.226764 -0.053182 0.046641 
0.489031 -0.180537 -0.261392 
0.825177 -0.503963 -0.356771 
-0.438161 -0.013951 -0.309906 
-0.436069 0.103045 -0.051364 
-0.402596 0.375020 -0.135123 
0.128938 -0.299671 -0.040472 
-0.505124 0.049327 -0.237257 
0.668796 0.574602 -0.150467 
0.066781 0.624951 0.504432 
0.330703 0.275099 0.184609 
-0.904948 0.256288 -0.278021 
-0.439806 0.272607 0.182538 
-0.766873 0.417987 0.566572 
0.141299 0.268618 -0.136804 
-0.138207 -0.422092 0.192368 
-0.455100 -0.162102 0.033849 
-0.353657 0.399373 -0.676075 
0.384268 -0.211394 -0.912966 
-0.042653 -0.770434 0.048536 
-0.128958 -0.122356 -0.289256 
-0.211800 -0.173631 0.591183 
-0.608026 -0.302955 -0.629423 
-0.394990 -0.272534 0.811855 
-0.232635 -0.108241 0.262023 
-0.015622 -0.349374 0.755761 
0.171186 -0.047520 0.192778 
0.044464 -0.272334 0.003258 
-0.321098 0.058077 -0.196887 
0.502628 0.513851 -0.278598 
-0.284969 0.780519 -0.000001 
-0.842248 0.027553 -0.429735 
-0.410021 -0.654178 0.339439 
0.241478 -0.561863 0.001052 
-0.259661 0.133398 -0.417749 
0.319064 -0.183409 0.160767 
0.498579 -0.030142 0.423050 
-0.055956 -0.239808 -0.244208 
-0.447697 0.103515 -0.882010 
-0.104339 0.466285 -0.646384 
0.012484 0.315914 0.120509 
0.480320 -0.299780 -0.225732 
-0.153901 0.036825 0.365873 
0.001665 -0.037842 -0.000566 
0.164671 0.142392 -0.354540 
-0.063099 -0.592150 -0.441208 
0.532615 -0.593309 -0.152299 
0.368925 0.594066 0.631334 
-0.122496 -0.254920 -0.795305 
0.161079 -0.544058 -0.203301 
-0.252803 -0.151221 0.184576 
0.215570 -0.537050 0.184073 
-0.265026 0.696401 0.004842 
0.250385 -0.791046 0.109320 
-0.143129 -0.616183 -0.495463 
-0.540543 0.185347 -0.140750 
0.078693 -0.658240 0.098958 
0.197762 0.655969 -0.040369 
-0.061304 0.218628 0.034407 
0.537407 -0.231982 0.232557 
-0.053557 0.753537 0.015005 
0.113058 -0.631369 -0.254912 
-0.200132 -0.568012 -0.010764 
-0.173519 -0.551556 0.344242 
-0.162107 0.265133 -0.262750 
-0.557657 0.210822 -0.394932 
-0.168368 -0.372367 -0.673436 
-0.495589 -0.170879 -0.193556 
-0.447483 0.281485 0.077232 
-0.038158 0.016140 -0.158436 
0.663674 0.132093 -0.155481 
0.122098 0.033291 0.405728 
-0.439395 0.051832 0.045945 
-0.194764 0.220181 0.072496 
-0.067976 -0.797493 0.508206 
-0.030993 0.618698 0.213143 
0.103711 -0.636036 0.072231 
-0.196489 0.442516 0.600636 
-0.127359 0.269671 -0.075139 
-0.575882 -0.195005 -0.308117 
-0.010554 -0.594776 0.307680 
0.701854 0.091299 0.326350 
0.298183 -0.409633 -0.974899 
0.473035 0.073888 -0.302232 
-0.414549 -0.739319 -0.416848 
0.092874 0.329412 0.311346 
-0.092249 0.432702 0.290499 
0.379017 -0.334020 -0.378309 
-0.397260 0.062332 0.058005 
0.304116 -0.603293 -0.204125 
-0.554554 -0.201375 -0.529007 
-0.304623 0.229636 -0.391148 
-0.664660 -0.246207 0.018248 
-0.000423 0.077421 0.711756 
-0.490543 -0.971953 0.184829 
-0.156278 0.387063 0.238073 
0.490574 -0.063757 -0.391635 
-0.141567 -0.108323 -0.051783 
-0.116300 0.261024 -0.530225 
0.036053 -0.450444 0.411448 
-0.420509 0.017821 0.320620 
-0.482595 -0.482833 0.406969 
0.056924 -0.083907 0.169641 
0.026715 -0.060517 0.437562 
-0.493178 -0.279266 -0.243436 
-0.502428 0.393167 0.262162 
0.504995 0.225643 0.198430 
0.457973 -0.257953 0.257728 
-0.773784 0.141425 -0.493953 
0.232170 -0.305433 -0.225324 
0.470704 0.186844 0.142365 
0.276345 -0.346711 -0.368842 
0.589162 0.498669 0.101735 
-0.446772 0.029063 0.019266 
0.601664 -0.060016 0.135580 
-0.363748 0.030188 -0.506991 
0.600073 -0.166340 -0.381035 
0.224966 0.297096 0.068075 
-0.112259 -0.601050 0.589004 
0.136472 -0.734475 -0.151434 
0.055368 0.871601 0.478492 
-0.500313 -0.218663 -0.012671 
0.766893 -0.067789 -0.130032 
-0.301949 0.074452 -0.227104 
-0.413083 0.202356 -0.129578 
-0.617440 0.164038 -0.348103 
-0.327879 -0.289320 0.031724 
-0.315294 -0.248483 -0.235273 
-0.205517 0.171889 -0.409425 
0.311927 -0.174279 -0.587658 
-0.156849 -0.656999 0.781588 
0.313248 0.058350 0.697111 
-0.426940 0.102138 -0.593606 
-0.313025 0.220862 0.768192 
-0.317651 -0.356419 0.931439 
0.533664 -0.500168 -0.209478 
-0.263351 -0.362145 0.612452 
-0.003869 -0.823891 -0.507370 
0.191163 -0.520955 0.347755 
-0.813001 -0.158501 -0.027607 
-0.378446 -0.407076 0.019798 
0.643715 -0.576386 -0.417050 
0.065478 0.055821 -0.715787 
0.575412 -0.319104 -0.044622 
0.433098 0.580181 0.496045 
0.094509 -0.255877 1.075418 
0.503610 0.025955 -0.321089 
-0.235726 0.568198 -0.237885 
0.244668 0.505248 0.587830 
-0.410432 -0.836231 -0.581443 
0.001464 0.207546 -0.225098 
-0.109905 0.348085 0.191124 
-0.126272 0.717989 0.597950 
0.462764 -0.106887 -0.115701 
0.261722 -0.408527 0.147381 
-0.587438 -0.093534 -0.069892 
-0.272152 -0.470651 -0.444459 
-0.375086 0.769273 0.778442 
0.840135 0.362160 -0.147776 
-0.593623 0.265527 -0.152622 
-0.149591 -0.673741 -0.029883 
-0.107529 -0.378432 0.038800 
0.597565 -0.230177 -0.320016 
0.589827 0.249419 -0.061005 
-0.100460 0.283240 -0.061745 
-0.094990 -0.329632 -0.368702 
-0.149312 0.628275 -0.202809 
-0.507702 -0.796983 -0.593837 
0.597065 0.527281 0.267789 
-0.131851 0.245307 -0.343030 
-0.225163 0.356225 -0.792988 
0.113375 0.104027 -0.015479 
0.816353 0.060998 0.462659 
0.441123 -0.304319 0.333714 
0.033348 0.116038 -0.321595 
-0.005101 0.180784 0.532963 
0.012327 0.448328 0.077207 
-0.051597 0.795055 0.218922 
0.143165 0.490930 -0.192285 
0.228118 0.273554 0.164631 
0.073804 0.779774 -0.066578 
0.126536 0.504920 0.589157 
0.134963 0.050466 0.821002 
-0.309419 0.204383 -0.291008 
-0.426700 -0.372997 -0.859062 
-0.124039 -0.535141 0.065884 
0.165372 0.441850 -0.574556 
0.204578 0.557513 0.126571 
0.478835 -0.248789 -0.447899 
-0.112785 0.115613 -0.297395 
0.495088 -0.139486 0.035460 
-0.024135 -0.154873 -0.297143 
0.156132 0.088226 0.357574 
-0.177449 -0.272102 0.047050 
-0.210725 0.368263 -0.239870 
0.117556 -0.598267 0.349322 
-0.206740 -0.443611 0.120515 
-0.138497 -0.020210 -0.567456 
0.520666 -0.082830 0.605350 
-0.169704 0.263001 0.459970 
0.053051 -0.101602 0.170094 
-0.091793 -0.355312 -0.260913 
0.772736 0.066576 -0.105841 
-1.042605 -0.044689 0.240574 
0.085351 0.045163 0.488923 
0.043217 -0.215825 -0.770068 
0.543835 -0.371209 0.219647 
-0.071991 -0.502534 0.579893 
0.143667 0.655801 -0.105201 
-0.403401 -0.503353 0.553321 
0.550676 -0.485516 0.119902 
0.582369 -0.016481 -0.350451 
-0.571931 0.173690 0.028982 
0.369923 -0.150580 0.332256 
0.706607 0.426535 0.255785 
0.133837 -0.065273 0.089240 
0.145516 0.246075 -0.461108 
0.255213 -0.209339 -0.045911 
0.052489 0.564391 -0.381108 
-0.016393 -0.185164 -0.281075 
-0.221464 0.297706 -0.643859 
0.564084 -0.330661 0.210206 
-0.248842 -0.528460 0.119682 
0.588831 -0.481316 0.092137 
-0.077929 -0.505747 -0.006288 
-0.579571 0.026703 -0.146369 
-0.001671 0.350034 -0.520162 
-0.425646 -0.527761 0.338356 
0.101020 0.703755 0.458204 
0.266101 -0.066624 -0.258119 
0.751789 0.315177 0.111692 
-0.088926 -0.282276 0.839953 
-0.561517 -0.196843 -0.593601 
-0.090202 -0.157588 -0.364790 
0.047592 0.303145 0.199075 
0.198311 0.203054 0.284965 
-0.110278 0.470297 -0.021341 
-0.072151 0.288312 -0.024350 
-0.190229 -0.527122 -0.292010 
-0.055840 -0.370283 -0.720909 
-0.754529 -0.082729 -0.721200 
0.244807 0.305548 -0.252537 
-0.455810 0.065218 0.173137 
0.106228 -0.000287 -0.823972 
0.362347 0.570928 0.212593 
0.541312 -0.131528 -0.206603 
0.235631 -0.080980 0.149286 
0.170066 -0.089136 -0.004000 
0.817513 -0.064151 -0.381858 
-0.442611 0.312366 -0.109824 
-0.523907 -0.499640 0.361524 
0.228696 -0.005875 -0.121845 
-0.643923 -0.218951 0.178862 
0.139960 0.519626 -0.079323 
-0.300672 0.272258 0.520979 
0.302027 -0.398934 0.144774 
0.052840 0.064416 -0.471609 
0.443755 -0.014533 0.331987 
0.141418 0.489118 -0.673483 
0.117669 -0.174648 0.256860 
-0.093033 0.604390 0.117336 
-0.690592 0.273241 0.327723 
-0.211395 -0.142173 0.186501 
0.207625 -0.546627 -0.345624 
0.152246 -0.242238 -0.731528 
-0.347532 -0.474300 0.385856 
0.526947 0.090590 0.311113 
-0.645382 0.246651 0.236507 
-0.753989 -0.176768 -0.146437 
0.284969 0.429730 -0.132951 
0.438849 -0.123868 -0.263096 
0.655741 0.113405 0.204467 
0.342180 -0.801346 0.392844 
-0.145472 0.432633 -0.204827 
-0.479511 0.003645 0.082990 
-0.976742 0.253092 0.271496 
-0.389416 0.245084 -0.476185 
0.457482 0.153723 -0.042391 
-0.686139 -0.111618 -0.027786 
-0.027767 0.562743 0.297189 
-0.480210 0.346129 0.503209 
0.338407 -0.137103 0.677760 
-0.501956 -0.060877 -0.132153 
0.059498 0.501762 -0.219638 
0.131753 0.467510 -0.315759 
0.064288 -0.019226 -0.772204 
0.352463 -0.598416 -0.107773 
0.347458 -0.374552 -0.618966 
0.338077 0.134434 -0.187919 
-0.070664 0.458014 0.002663 
0.218903 0.180970 0.120589 
0.126607 -0.438761 -0.164239 
-0.181341 -0.523373 -0.361077 
0.316252 -0.290454 0.026708 
0.482361 0.002279 -0.091165 
-0.792461 -0.090021 0.009432 
-0.032982 0.175583 0.020981 
0.404621 -0.311643 0.470413 
0.093981 0.488505 -0.651012 
0.453704 0.061385 -0.242997 
-0.258566 0.045949 -0.367489 
-0.507213 -0.420431 0.154346 
0.893880 -0.218330 -0.408907 
0.194021 -0.196226 -0.439755 
-0.739802 0.416032 -0.396024 
0.525287 -0.249122 -0.443550 
-0.434623 -0.352518 0.544100 
-0.031851 -0.111032 -0.227935 
-0.125915 -0.855701 0.367692 
0.022460 0.197149 0.160356 
0.181044 -0.112604 -0.508515 
1.250433 -0.027597 0.259840 
-0.154624 -0.419971 -0.364187 
0.049171 -0.403576 -0.427516 
0.821851 -0.244839 -0.050146 
0.430818 0.404905 1.093612 
0.009840 -0.353046 -0.471059 
-0.454047 0.189830 -0.280765 
-0.516946 0.389305 -0.628683 
0.092684 1.135442 0.040989 
0.143700 -0.555227 -0.156261 
0.191648 0.139657 0.314386 
-0.021705 -0.287878 0.377526 
-0.425054 -0.074430 -0.119961 
0.580722 -0.183238 -0.198506 
0.483489 0.401062 0.446746 
-0.276413 0.367945 0.145482 
-0.497175 0.199870 -0.325108 
0.877105 0.441954 -0.589242 
0.034571 -0.145796 0.197617 
-0.146181 0.455140 -0.524382 
-0.043856 -0.024127 -0.237886 
-0.330599 -0.307857 -0.013778 
0.148811 -0.369727 0.468368 
-0.485166 -0.372420 -0.255063 
-0.130168 -0.105480 0.548751 
0.046393 -0.340491 0.436534 
-0.402735 -0.223884 0.529131 
-0.407979 0.415099 0.033951 
0.304090 -0.336114 0.111222 
-0.026584 -0.630229 -0.160075 
0.191752 -0.715333 0.609828 
-0.503689 -0.162193 -0.001988 
0.347976 -0.018807 -0.203339 
-0.345087 -0.144361 0.397749 
0.078347 -0.079923 -0.349888 
-0.294490 0.028391 0.454408 
0.746024 -0.451480 -0.253523 
0.174574 0.265579 0.314401 
0.025582 0.218613 0.456454 
0.256591 -0.017300 0.589381 
-0.030614 0.325010 -0.337546 
0.146039 0.485969 0.100157 
-0.245443 0.702988 -0.191500 
-0.327331 -0.504727 -0.033138 
-0.293153 0.558422 -0.245151 
0.122293 -0.155375 -0.466678 
-0.345049 0.235030 -0.554156 
-0.134671 -0.353404 -0.592090 
-0.063886 -0.116150 0.597295 
0.520176 -0.362208 -0.345070 
-0.472114 -0.564401 -0.189876 
0.164305 0.200085 0.242773 
0.376081 0.281787 0.584266 
-0.001675 0.326628 0.569753 
0.253641 -0.509255 0.414711 
-0.736294 -0.646899 -0.169822 
-0.401912 -0.368419 -0.223709 
0.509473 0.075699 0.158057 
0.285616 0.490022 -0.192342 
-0.719552 0.410712 -0.329923 
0.246213 0.254653 0.115668 
0.071053 -0.218880 -0.201417 
-0.664876 0.565750 -0.283597 
-0.350737 -0.250201 -0.026755 
-0.390960 -0.583274 0.127771 
-0.398021 -0.440963 -0.241055 
0.502573 0.119640 -0.139055 
-0.220389 0.445707 -0.172737 
0.091285 0.418703 -0.187626 
0.080883 0.017571 0.387348 
0.220505 0.775788 -0.147970 
0.261865 -0.497846 0.022592 
0.105407 -0.359762 0.494591 
0.451717 -0.181449 0.212581 
0.292065 -0.114599 -0.036202 
-0.213854 0.426354 -0.079353 
-0.040527 -0.638741 -0.472621 
0.229918 0.198209 0.724125 
-0.530676 -0.577233 -0.654508 
0.403419 0.258556 0.090315 
-0.676374 0.114845 -0.518675 
-0.439505 0.293544 0.654080 
0.203902 -0.038868 0.377680 
-0.679115 -0.225921 -0.177894 
-0.135319 0.153897 -0.451305 
-0.001408 -0.006321 -0.690560 
-0.368260 0.073674 -0.021531 
-0.219912 0.251398 0.257983 
0.354479 -0.351313 0.616043 
0.121071 -0.859264 0.325256 
0.190466 0.848146 -0.256695 
0.621630 -0.545615 -0.568257 
0.258382 0.040547 -0.578053 
0.283600 0.405202 -0.613319 
0.227518 0.513638 -0.757684 
-0.070612 0.536283 0.065235 
0.187806 -0.096486 -0.143932 
-0.834826 -0.119626 0.414766 
-0.022772 -0.011512 0.253840 
0.127542 -0.248889 0.475217 
-0.182968 -0.310707 1.225497 
-0.316200 -0.479455 0.055286 
-0.160782 0.436075 -0.363385 
-0.374372 -0.269973 0.724472 
0.322341 0.678094 -0.990867 
0.156186 0.444361 -0.353249 
0.500849 -0.220549 -0.146733 
0.223070 -0.847829 0.213216 
-0.911327 0.031440 -0.684101 
-0.029997 0.167250 -0.569625 
0.344562 0.184881 0.046556 
-0.277453 -0.011632 -0.385690 
0.061526 -0.365665 0.251205 
-0.514336 -0.141949 0.354299 
-0.136918 -0.387418 -0.652190 
0.073938 -0.171930 0.444889 
-0.392716 -0.353059 0.337563 
0.286512 1.108817 0.016762 
0.086063 -0.170316 0.158398 
0.668484 0.002392 -0.237954 
-0.061747 -0.231408 -0.041639 
-0.384374 -0.235643 -0.031487 
-0.549733 -0.240119 -0.135457 
-0.140024 -0.412001 0.499789 
-0.127442 0.537144 0.156303 
0.116000 -0.498329 0.216472 
0.605753 -0.157411 -0.317151 
0.389859 -0.111200 0.418988 
0.282922 -0.365454 -0.064903 
0.638651 -0.099455 0.075833 
0.528455 0.220688 -0.769671 
0.075962 0.418183 0.315225 
-0.115376 0.328695 0.203558 
-0.310343 0.339927 -0.293711 
0.160260 0.227252 0.240043 
0.388045 -0.370970 -0.076283 
0.204575 0.019404 -0.884551 
-0.304348 0.324735 0.042121 
0.206911 -0.459431 -0.053914 
0.467089 -0.116969 -0.426208 
-0.058914 -0.251643 0.392061 
-0.114179 -0.436293 -0.253254 
-0.409761 0.326121 0.562894 
-0.246486 -0.185217 -0.517624 
0.519703 -0.086624 -0.424593 
0.010214 -0.094449 -0.497853 
-0.554998 0.230175 0.346967 
-0.263601 0.510218 0.404717 
0.377951 0.296358 -0.379025 
0.261758 0.589221 -0.324269 
-0.134870 0.599233 0.447464 
-0.108987 0.293545 0.167098 
0.113566 -0.169681 -0.721469 
-0.345781 0.460075 -0.316345 
0.472741 -0.058024 -0.518467 
-0.269726 -0.643470 -0.708971 
-0.141745 0.114711 -0.560411 
0.316251 -0.251619 -0.356297 
-0.077643 0.062274 -0.590581 
0.398082 -0.330572 0.726321 
0.203600 -0.151648 0.272761 
-0.055463 -0.295646 0.055171 
0.737986 0.351779 0.417357 
0.335023 0.136499 0.235502 
0.038862 0.490405 -0.517084 
0.202473 -0.055359 0.605736 
0.095936 0.286562 0.441485 
0.042148 0.408192 0.329647 
-0.316683 -0.339914 -0.054933 
0.109832 -0.292206 -0.243805 
0.735626 -0.141809 -0.333330 
0.049317 0.040495 0.559341 
0.228599 0.576445 -0.024758 
0.159986 0.194966 -0.467499 
-0.041579 0.296506 0.100502 
0.033033 -0.376588 -0.301492 
0.587495 -0.214585 0.491735 
0.097144 0.777577 -0.049413 
0.853459 0.407621 -0.385549 
-0.254498 0.133659 0.393853 
-0.012634 -0.736960 -0.443198 
0.286517 -0.612359 -0.500078 
0.126257 0.277431 -0.304664 
-0.070917 0.286531 -0.675836 
0.347483 -0.050601 -0.349810 
-0.424789 -0.203233 0.505138 
-0.109841 0.356139 -0.051052 
0.390430 0.009858 0.159953 
0.540175 0.417007 0.403612 
-0.055039 -0.757774 -0.530598 
-0.494578 0.298990 0.698225 
-0.356419 0.671505 -0.655044 
0.344999 -0.418711 -0.328950 
-0.547153 -0.471037 0.315476 
-0.427568 0.029593 0.840230 
0.030155 0.388536 -0.380753 
-0.562530 -0.046147 0.839927 
0.593797 0.125216 -0.481204 
0.204244 0.253419 0.174013 
-0.586879 -0.053729 0.017751 
0.047858 0.010871 0.438880 
-0.147294 0.941259 0.453244 
0.259515 0.091737 -0.038730 
0.086145 0.744725 0.333659 
-0.433256 -0.264156 0.190489 
0.636033 -0.287453 -0.251792 
0.154070 -0.582706 0.245153 
-0.077828 0.521439 0.138294 
-0.053339 0.105675 0.708627 
0.223024 0.526460 -0.014868 
-0.570005 0.103196 -0.397619 
-0.628583 -0.496472 0.094663 
-0.859013 -0.383298 -0.037307 
0.032750 -0.063583 0.455090 
0.573760 -0.673917 0.050328 
0.016871 -0.709386 -0.538112 
0.099540 -0.402499 -0.311313 
0.071221 -0.095853 -0.257321 
-0.186033 -0.401970 -0.173661 
-0.251523 0.023314 -0.344636 
-0.186855 0.293248 0.182079 
0.380684 -0.254488 -0.240937 
0.165575 -0.436264 -0.331213 
-0.165077 -0.606977 -0.120710 
0.587291 -0.489878 -0.037566 
-0.333106 -0.791421 0.098868 
0.367458 0.316692 -0.184799 
-0.118155 0.160629 0.063945 
-0.134240 0.206787 0.230822 
0.071444 -0.705748 0.061168 
-0.002375 0.019716 0.018372 
-0.015747 -0.447778 0.034639 
0.602489 0.199675 -0.562642 
-0.226455 -0.371833 -0.292136 
-0.570963 0.047687 0.577166 
0.404756 -0.329755 -0.313889 
-0.447581 0.379851 -0.194525 
0.372752 0.423449 0.391141 
-0.102324 -0.371322 0.184805 
0.328365 -0.700897 -0.126876 
0.407751 0.755494 0.234921 
0.333499 0.416027 0.144810 
0.760045 -0.523725 -0.161008 
-0.179832 0.078231 -0.700549 
-0.696582 0.732730 -0.190385 
-0.391864 0.080000 -0.287048 
0.141513 0.206021 0.172394 
-0.246474 -0.390823 -0.234757 
0.074541 0.011403 0.431503 
-0.191079 0.396669 0.426823 
-0.485352 -0.142038 -0.652317 
0.188703 0.249114 0.036908 
0.585417 0.143727 0.218788 
0.197947 -0.413090 0.219144 
-0.328419 -0.683549 -0.049135 
-0.269432 -0.362996 0.314377 
-0.280865 -0.541762 0.251193 
-0.266085 -0.455715 0.488262 
0.549002 0.092714 0.000889 
0.163340 0.702504 -0.470963 
-0.126789 0.843256 -0.181529 
-0.385995 -0.361756 0.575764 
0.091088 -0.198274 0.361073 
-0.579387 -0.256741 0.440904 
0.786737 0.003391 0.040082 
0.473405 0.606778 -0.061398 
0.477231 0.141955 0.295064 
-0.608528 -0.099345 0.231950 
-0.274713 0.436550 -0.170907 
0.522402 0.361447 -0.466058 
-0.237574 0.605020 -0.061766 
0.106720 0.183694 -0.072454 
-0.043222 0.227063 0.167632 
0.066083 -0.497471 -0.045268 
-0.419848 -0.460796 -0.202656 
-0.152110 -0.121687 -0.129168 
-0.277405 0.908192 -0.952363 
0.165333 0.641831 -0.126674 
0.351835 -0.503642 0.189259 
0.182459 -0.183606 0.005982 
0.513026 -0.683680 -0.259655 
0.593654 -0.255579 -0.093598 
0.536399 -0.026234 -0.423832 
-0.630840 -0.340902 -0.579543 
-0.228783 0.371279 0.371397 
-0.270577 -0.499735 -0.217240 
0.123789 0.412205 0.464400 
0.152177 -0.224028 -0.513478 
-0.727145 0.033151 -0.203512 
-0.490536 -0.114926 0.300344 
0.857289 -0.257451 0.557515 
0.335705 -0.065509 0.298074 
0.459024 -0.027066 -0.478426 
-0.350435 0.213132 -0.339669 
0.136133 -0.437962 -0.031851 
-0.448045 -0.283158 -0.708511 
0.079328 -0.095513 0.430027 
-0.317756 -0.023709 -0.186610 
-0.042350 -0.815418 -0.254779 
0.401214 0.427855 -0.199341 
-0.101501 -0.813960 -0.338869 
-0.269336 0.378040 0.213229 
0.344775 0.149366 0.099480 
0.044778 -0.154823 0.356731 
-0.841785 0.095589 -0.445285 
-0.112569 0.574463 0.185001 
0.568697 -0.355766 0.052559 
0.777020 0.001703 0.156973 
-0.321174 0.338023 -0.128041 
-0.129919 -0.213420 -0.470430 
-0.139295 -0.575183 0.024973 
0.090076 0.403747 -0.306939 
0.212825 0.257591 -0.178139 
0.406113 1.018526 -0.517754 
-0.060944 -0.146846 0.055463 
-0.601088 0.450830 -0.660956 
-0.535669 0.312210 0.045626 
-0.911236 0.210204 -0.481304 
0.560151 -0.459464 -0.038466 
0.302077 0.038373 -0.081901 
-0.546645 -0.172196 0.449859 
0.003528 -0.148705 0.164432 
-0.018885 -0.448633 -0.109594 
-0.182475 -0.106387 -0.054161 
0.442577 -0.693595 -0.321794 
-0.671082 0.517953 -0.037181 
0.257835 -0.179159 0.527141 
-0.436890 -0.104149 -0.271470 
-0.115359 -0.400917 -0.255846 
0.006307 -0.199844 0.481560 
-0.104708 -0.241829 -0.510098 
-0.270223 0.780483 -0.288227 
0.289963 -0.319895 -0.000519 
-0.006295 -0.083105 0.682850 
-0.023191 -0.546282 0.247677 
-0.584862 -0.076277 0.007827 
0.138623 -0.177863 -0.607853 
0.268717 0.015943 0.524163 
0.295668 0.263581 -0.200631 
-0.068686 0.198418 -0.101389 
0.219015 0.420632 0.171002 
-0.015095 -0.356063 0.063969 
0.759763 0.070170 0.475444 
0.202937 -0.365846 -0.445679 
0.265875 0.182195 -0.570051 
-0.284873 -0.398859 0.271635 
-0.308490 0.118172 0.025794 
-0.006224 -0.599959 -0.071765 
0.386207 -0.619504 0.279562 
0.025439 0.567448 0.490243 
0.233205 -0.468608 0.829879 
-0.731482 0.050063 0.251570 
0.369789 0.023214 0.150320 
-0.464896 -0.241440 0.708002 
0.169025 -0.186388 0.372878 
-0.191681 0.501434 0.006624 
-0.231766 0.321605 0.466184 
0.332759 0.467979 -0.563182 
0.152394 0.043045 0.098473 
0.361631 0.270204 -0.477324 
0.441161 -0.297388 0.120133 
0.396487 -0.393258 0.518967 
0.236593 -0.242110 -0.395457 
-0.348924 0.162697 -0.412941 
0.948141 -0.322643 0.442409 
-0.447355 -0.193753 0.128395 
-0.008773 0.082634 0.657032 
0.197477 0.514540 0.635639 
-0.192717 -0.128113 -0.238944 
-0.336213 -0.322012 -0.620192 
-0.031862 -0.155618 0.823055 
-0.087690 0.015886 -0.001694 
0.540060 0.129882 -0.542862 
-0.069239 0.216383 -0.061305 
0.525526 0.175388 -0.437684 
-0.062280 -0.244713 0.092889 
-0.070171 0.638502 -0.199947 
0.295652 -0.129868 -0.232725 
-0.486818 -0.160482 -0.244636 
0.045705 -0.337004 0.556660 
-0.027635 0.659665 -0.457429 
0.711822 0.021187 -0.114866 
0.321126 0.584478 -0.054764 
-0.127631 0.665448 -0.050033 
0.341069 0.224132 -0.115030 
-0.530677 0.044263 0.051504 
0.629508 0.097412 0.439185 
0.135261 -0.740356 0.003827 
-0.134233 0.016957 0.387603 
-0.417779 -0.503731 -0.281037 
0.168822 -0.036159 0.500389 
-0.507739 0.029506 -0.336233 
-0.335628 -0.157648 0.281209 
0.814523 -0.216795 0.037537 
0.167883 0.620965 0.003792 
0.097528 0.060913 0.629908 
