-153.0278525960
-153.0221867832
-153.0214674570
-153.0248804245
-153.0228152606
-153.0212050624
-153.0246236468
-153.0217739071
-153.0196970601
-153.0241263567
-153.0226823393
-153.0241007534
-153.0250601775
-153.0174098442
-153.0234120184
-153.0153899401
-153.0220459382
-153.0152559435
-153.0193259169
-153.0250420922
-153.0236116583
-153.0232221678
-153.0221408356
-153.0210911631
-153.0218195538
-153.0231668756
-153.0256421493
-153.0189858631
-153.0236733748
-153.0203560524
-153.0226757378
-153.0192246194
-153.0265588194
-153.0235738950
-153.0244400277
-153.0163350853
-153.0222736079
-153.0136997882
-153.0170222331
-153.0240478356
-153.0212750766
-153.0238885012
-153.0251299884
-153.0228633089
-153.0239455081
-153.0236590713
-153.0235261719
-153.0204765371
-153.0250305668
-153.0156542195
-153.0181811055
-153.0218347921
-153.0219019721
-153.0246231134
-153.0216812558
-153.0221817492
-153.0216091320
-153.0213695141
-153.0234716393
-153.0179722337
-153.0199580999
-153.0190651182
-153.0244108755
-153.0215074529
-153.0199094305
-153.0228918482
-153.0175964112
-153.0211545020
-153.0223393921
-153.0205167211
-153.0198163978
-153.0211850678
-153.0226544180
-153.0217511237
-153.0228849761
-153.0220497937
-153.0218939188
-153.0262584751
-153.0222890059
-153.0223766671
-153.0164945055
-153.0236214984
-153.0230371921
-153.0233107209
-153.0213040391
-153.0192469266
-153.0206054489
-153.0254828324
-153.0209745200
-153.0191618736
-153.0228485767
-153.0204270734
-153.0195261727
-153.0220238036
-153.0231313825
-153.0206223213
-153.0250954072
-153.0249516877
-153.0203227663
-153.0216090577
-153.0226031977
-153.0205257507
-153.0167932144
-153.0182998471
-153.0236532878
-153.0224219749
-153.0232757734
-153.0221803913
-153.0187999032
-153.0223165763
-153.0251998012
-153.0189819960
-153.0217829048
-153.0198510896
-153.0255171564
-153.0203758600
-153.0239465914
-153.0212549898
-153.0238070856
-153.0237252339
-153.0239367197
-153.0256584476
-153.0258382449
-153.0223929909
-153.0224769299
-153.0196555012
-153.0242315050
-153.0234339337
-153.0237951301
-153.0209432754
-153.0267421957
-153.0186827000
-153.0243750707
-153.0252229920
-153.0241169832
-153.0210345839
-153.0144082339
-153.0245618070
-153.0202782703
-153.0193322861
-153.0251599809
-153.0243556906
-153.0230627097
-153.0232310937
-153.0249716982
-153.0210264906
-153.0196539249
-153.0230255394
-153.0216486775
-153.0231130070
-153.0218291043
-153.0182599592
-153.0207298018
-153.0212513842
-153.0200277309
-153.0250474081
-153.0220248105
-153.0225769734
-153.0248420142
-153.0204289775
-153.0246028960
-153.0197347380
-153.0218232481
-153.0223521384
-153.0205410368
-153.0252000654
-153.0222185909
-153.0187842946
-153.0241529387
-153.0253385162
-153.0226564651
-153.0201716199
-153.0242731917
-153.0199200705
-153.0248474495
-153.0219471710
-153.0205554754
-153.0201211246
-153.0139496507
-153.0235196468
-153.0194579147
-153.0187148947
-153.0221945282
-153.0239520787
-153.0241461269
-153.0261937651
-153.0228323085
-153.0211208606
-153.0239185990
-153.0216178373
-153.0223369824
-153.0223679682
-153.0229566607
-153.0226297411
-153.0217952997
-153.0249043691
-153.0210079787
-153.0250653663
-153.0215999776
-153.0220789153
-153.0198283251
-153.0199298117
-153.0189395390
-153.0177602815
-153.0251243120
-153.0219879254
-153.0213790272
-153.0183157543
-153.0209922065
-153.0214344287
-153.0247130249
-153.0175712370
-153.0177519256
-153.0227704729
-153.0239237934
-153.0218496397
-153.0213284386
-153.0220078714
-153.0228089185
-153.0221443548
-153.0178686832
-153.0203391290
-153.0224239708
-153.0232293182
-153.0200427671
-153.0141751901
-153.0223217188
-153.0222684333
-153.0197953682
-153.0234035812
-153.0234762485
-153.0185172055
-153.0167571650
-153.0159957504
-153.0223757265
-153.0257732857
-153.0233486884
-153.0252979727
-153.0186631191
-153.0217504810
-153.0246686703
-153.0228281571
-153.0190473535
-153.0217540701
-153.0244081190
-153.0245142301
-153.0234537460
-153.0197595806
-153.0214732068
-153.0156111743
-153.0254665395
-153.0203083971
-153.0198128647
-153.0203040316
-153.0216693426
-153.0169225865
-153.0210517709
-153.0213191051
-153.0239814646
-153.0215273125
-153.0209203955
-153.0224754354
-153.0189963072
-153.0223877936
-153.0214069138
-153.0226959977
-153.0225413555
-153.0223631729
-153.0225832289
-153.0217338857
-153.0227772759
-153.0181790306
-153.0212490190
-153.0253602384
-153.0234887238
-153.0204199034
-153.0238775305
-153.0224558534
-153.0143397163
-153.0192135123
-153.0202908436
-153.0174946019
-153.0264246073
-153.0216636899
-153.0218913883
-153.0204465396
-153.0234015370
-153.0227927433
-153.0219890195
-153.0227334483
-153.0216194135
-153.0220941380
-153.0183124942
-153.0221752711
-153.0200915801
-153.0187768415
-153.0203542749
-153.0201303230
-153.0250878331
-153.0226406918
-153.0191699434
-153.0196905377
-153.0255745467
-153.0218499639
-153.0218041915
-153.0160866433
-153.0217991643
-153.0189817959
-153.0227998548
-153.0171144156
-153.0209528891
-153.0199728618
-153.0221091082
-153.0186294081
-153.0221028588
-153.0207924541
-153.0204046617
-153.0232075096
-153.0170954324
-153.0220613326
-153.0221461587
-153.0217210763
-153.0180134721
-153.0196800124
-153.0232612222
-153.0183819958
-153.0204071962
-153.0239895349
-153.0249657597
-153.0175588889
-153.0227010252
-153.0214491435
-153.0166920132
-153.0192497681
-153.0238317940
-153.0234339590
-153.0210017265
-153.0202738044
-153.0235118668
-153.0238717581
-153.0148447028
-153.0212269440
-153.0193623022
-153.0227371091
-153.0208211540
-153.0168675766
-153.0215830453
-153.0215855868
-153.0172887728
-153.0239354389
-153.0209251207
-153.0214132181
-153.0253298481
-153.0220817215
-153.0237855408
-153.0216327473
-153.0253261243
-153.0229277994
-153.0200579298
-153.0208363622
-153.0204014521
-153.0243868335
-153.0245699899
-153.0248360626
-153.0254085291
-153.0203590458
-153.0214992462
-153.0234739344
-153.0194348666
-153.0222206023
-153.0238099765
-153.0212168031
-153.0226070245
-153.0198712396
-153.0241141799
-153.0217152969
-153.0233973771
-153.0232751806
-153.0216019811
-153.0179882513
-153.0183079879
-153.0235067064
-153.0243971322
-153.0200343562
-153.0226300701
-153.0262289198
-153.0201885217
-153.0179222888
-153.0183991485
-153.0242840190
-153.0206611796
-153.0234388321
-153.0227130296
-153.0196249176
-153.0232575956
-153.0197444937
-153.0220058269
-153.0237655052
-153.0226344179
-153.0212003923
-153.0284681470
-153.0224635774
-153.0218968350
-153.0239206493
-153.0272455315
-153.0222171803
-153.0231606789
-153.0221054860
-153.0244325396
-153.0249403446
-153.0225586137
-153.0211849829
-153.0210939279
-153.0190453715
-153.0190748273
-153.0168513750
-153.0215998296
-153.0228478339
-153.0228360638
-153.0246305692
-153.0230880811
-153.0229374822
-153.0118273016
-153.0181088095
-153.0188008472
-153.0191424106
-153.0227615041
-153.0199461028
-153.0173337365
-153.0239235478
-153.0204402630
-153.0245311248
-153.0243963046
-153.0180206131
-153.0220688331
-153.0207751956
-153.0223637897
-153.0214412248
-153.0242950369
-153.0236975033
-153.0213738860
-153.0237562187
-153.0227965246
-153.0228334850
-153.0170721180
-153.0213539886
-153.0207476617
-153.0206531196
-153.0189720577
-153.0186159898
-153.0188853874
-153.0202731004
-153.0185624398
-153.0167767348
-153.0166640956
-153.0218197352
-153.0222629113
-153.0212367306
-153.0252835200
-153.0228753740
-153.0216886995
-153.0229706571
-153.0234030197
-153.0203992746
-153.0196572899
-153.0220710317
-153.0205967985
-153.0253561239
-153.0191747742
-153.0231894267
-153.0215848090
-153.0198363262
-153.0252939044
-153.0231086059
-153.0233273236
-153.0213592136
-153.0247357723
-153.0214015561
-153.0200419673
-153.0177750548
-153.0235063435
-153.0216636179
-153.0205845805
-153.0222386434
-153.0217110666
-153.0250240491
-153.0258776039
-153.0238898234
-153.0214891398
-153.0171705564
-153.0236233996
-153.0220569726
-153.0214844847
-153.0199828999
-153.0188433664
-153.0233403987
-153.0232757542
-153.0235275636
-153.0263276878
-153.0253188485
-153.0230450863
-153.0194644627
-153.0201609005
-153.0225751989
-153.0235190635
-153.0232135592
-153.0209880101
-153.0227837576
-153.0226442405
-153.0192152297
-153.0216298110
-153.0198402278
-153.0236178009
-153.0240557552
-153.0183402005
-153.0204549916
-153.0157565101
-153.0229898307
-153.0222808697
-153.0229452241
-153.0243952050
-153.0209516844
-153.0225110482
-153.0236730099
-153.0189653710
-153.0212332963
-153.0204024639
-153.0182121225
-153.0223896654
-153.0249199067
-153.0205230597
-153.0248578633
-153.0216425309
-153.0199819314
-153.0210339878
-153.0200253566
-153.0246224583
-153.0245263241
-153.0215297518
-153.0245041893
-153.0187815223
-153.0192027889
-153.0255682206
-153.0187490061
-153.0225344781
-153.0163061375
-153.0217400703
-153.0242553909
-153.0168069430
-153.0215035448
-153.0217764378
-153.0218147516
-153.0193625973
-153.0204949317
-153.0252209138
-153.0246819623
-153.0198395684
-153.0185084995
-153.0233386480
-153.0245722129
-153.0258879830
-153.0208371735
-153.0175511350
-153.0256720843
-153.0222298961
-153.0199955462
-153.0205125253
-153.0205219141
-153.0206145420
-153.0226574389
-153.0200371219
-153.0177340194
-153.0246751814
-153.0194345202
-153.0242256197
-153.0226039327
-153.0227140532
-153.0216335274
-153.0225620009
-153.0228597996
-153.0259242826
-153.0228422045
-153.0241362653
-153.0204549734
-153.0206651824
-153.0222914806
-153.0159369297
-153.0244357003
-153.0228595794
-153.0221760059
-153.0209235094
-153.0189309324
-153.0241506316
-153.0205827166
-153.0210490038
-153.0211869829
-153.0193179320
-153.0222011651
-153.0218823550
-153.0232903888
-153.0205438541
-153.0242392556
-153.0231722050
-153.0241593047
-153.0221356916
-153.0215227837
-153.0199162004
-153.0199238587
-153.0209478410
-153.0184338251
-153.0214149609
-153.0241144411
-153.0177891351
-153.0227757797
-153.0218596160
-153.0225003686
-153.0157217651
-153.0196385628
-153.0217496184
-153.0209876615
-153.0225075493
-153.0194048664
-153.0230923804
-153.0245338331
-153.0238831433
-153.0239147107
-153.0203641047
-153.0196355869
-153.0219738274
-153.0232554648
-153.0222862367
-153.0241895293
-153.0222903528
-153.0245336692
-153.0147365086
-153.0196956753
-153.0191016052
-153.0198818266
-153.0196414484
-153.0231383329
-153.0229600413
-153.0197325661
-153.0203357523
-153.0225912302
-153.0226140672
-153.0233890604
-153.0228356975
-153.0234684422
-153.0193936376
-153.0160733325
-153.0240178502
-153.0260774603
-153.0233174139
-153.0233483506
-153.0246031387
-153.0233256123
-153.0212908801
-153.0258603341
-153.0231707112
-153.0214038889
-153.0207795188
-153.0201716331
-153.0216690254
-153.0132058783
-153.0215050317
-153.0255862694
-153.0241263476
-153.0187693184
-153.0216550816
-153.0258874921
-153.0241488253
-153.0238092660
-153.0207816391
-153.0229348533
-153.0222127789
-153.0239440688
-153.0231380538
-153.0243264713
-153.0238929076
-153.0244924065
-153.0194181946
-153.0202609590
-153.0211092742
-153.0230898468
-153.0255909124
-153.0214549839
-153.0218332198
-153.0200819770
-153.0224284282
-153.0211052016
-153.0232566246
-153.0239690943
-153.0244719686
-153.0206825953
-153.0229226763
-153.0191838053
-153.0181258083
-153.0236721994
-153.0212510242
-153.0240575243
-153.0205438519
-153.0242392703
-153.0231721984
-153.0241593132
-153.0221356452
-153.0215228586
-153.0199161173
-153.0199239326
-153.0209478596
-153.0184338662
-153.0214150121
-153.0241143957
-153.0177890919
-153.0227758115
-153.0218595907
-153.0225003129
-153.0157217085
-153.0196385707
-153.0217496312
-153.0209876261
-153.0225075255
-153.0194047966
-153.0230924819
-153.0245338374
-153.0238831158
-153.0239146600
-153.0203642607
-153.0196356227
-153.0219738690
-153.0232554725
-153.0222862685
-153.0241895593
-153.0222903200
-153.0245336676
-153.0147364455
-153.0196956640
-153.0191017327
-153.0198818521
-153.0196415105
-153.0231382793
-153.0229600396
-153.0197325425
-153.0203357900
-153.0225912087
-153.0226140759
-153.0233890902
-153.0228356381
-153.0234684463
-153.0193936843
-153.0160732608
-153.0240179370
-153.0260773871
-153.0233173987
-153.0233483767
-153.0246030701
-153.0233255872
-153.0212908306
-153.0258602809
-153.0231706543
-153.0214038780
-153.0207795377
-153.0201716291
-153.0216691676
-153.0132060525
-153.0215050082
-153.0255863071
-153.0241262577
-153.0187691973
-153.0216551571
-153.0258874953
-153.0241488008
-153.0238093122
-153.0207816490
-153.0229348638
-153.0222128050
-153.0239440934
-153.0231380985
-153.0243265011
-153.0238929264
-153.0244924296
-153.0194181417
-153.0202610086
-153.0211092597
-153.0230899012
-153.0255909873
-153.0214550728
-153.0218332724
-153.0200819151
-153.0224283996
-153.0211050742
-153.0232566293
-153.0239689488
-153.0244719664
-153.0206826950
-153.0229227589
-153.0191837185
-153.0181257969
-153.0236721840
-153.0212510487
-153.0240575544
-153.0216160689
-153.0190788560
-153.0236215872
-153.0251603376
-153.0218405379
-153.0245008264
-153.0239827491
-153.0186788604
-153.0231839323
-153.0215333585
-153.0234506543
-153.0244666028
-153.0216656512
-153.0217167141
-153.0218473842
-153.0215404221
-153.0191585396
-153.0227895031
-153.0206412966
-153.0205812663
-153.0238116181
-153.0220064830
-153.0232832562
-153.0203714768
-153.0244821993
-153.0200595596
-153.0205463320
-153.0248029241
-153.0235605441
-153.0200486971
-153.0216220250
-153.0179503045
-153.0202986652
-153.0211082326
-153.0229551268
-153.0253467220
-153.0230644998
-153.0229396134
-153.0204060982
-153.0219165714
-153.0245405016
-153.0171976262
-153.0217512882
-153.0211838061
-153.0157854407
-153.0226556087
-153.0239039690
-153.0251346571
-153.0227550444
-153.0231100585
-153.0250473953
-153.0236972094
-153.0236878791
-153.0205270090
-153.0187464505
-153.0257811610
-153.0215450339
-153.0219689448
-153.0233284236
-153.0206562282
-153.0179067949
-153.0192716744
-153.0218029944
-153.0200799640
-153.0223895033
-153.0252895232
-153.0235687133
-153.0229026147
-153.0232342470
-153.0249794315
-153.0211754389
-153.0251430624
-153.0255254333
-153.0212198857
-153.0258567344
-153.0244211479
-153.0217974318
-153.0224206569
-153.0244081027
-153.0233406755
-153.0173472716
-153.0146659033
-153.0219633019
-153.0206568510
-153.0245443894
-153.0222941416
-153.0245710443
-153.0222893510
-153.0221850359
-153.0211743948
-153.0230111088
-153.0210708075
-153.0228395631
-153.0226925523
-153.0227909285
-153.0182251796
-153.0241675226
-153.0143526522
-153.0209653572
-153.0195284659
-153.0243716910
-153.0241455790
-153.0242441714
-153.0229340024
-153.0200347244
-153.0238859004
-153.0196266201
-153.0220453438
-153.0186707862
-153.0147991813
-153.0210600697
-153.0255483858
-153.0224559539
-153.0201249838
-153.0258772921
-153.0237638049
-153.0164757559
-153.0229683638
-153.0220817956
-153.0237673016
-153.0240137149
-153.0210684632
-153.0216334212
-153.0227771337
-153.0246108978
-153.0214955823
-153.0144337833
-153.0225782734
-153.0235554800
-153.0173528011
-153.0209861391
-153.0238315100
-153.0254892158
-153.0236318921
-153.0233573446
-153.0213096117
-153.0195640702
-153.0217922281
-153.0180340827
-153.0256998846
-153.0198404083
-153.0220504338
-153.0239170867
-153.0194160822
-153.0249713674
-153.0251673016
-153.0244788694
-153.0206688725
-153.0185718999
-153.0240269887
-153.0240914051
-153.0206697760
-153.0184600353
-153.0240462101
-153.0237880297
-153.0189908929
-153.0224147617
-153.0197383643
-153.0164999977
-153.0230566261
-153.0225533957
-153.0207922660
-153.0242727922
-153.0247128475
-153.0240954809
-153.0221288955
-153.0239771740
-153.0227433104
-153.0198020668
-153.0218492113
-153.0243379294
-153.0233204165
-153.0242071762
-153.0197605028
-153.0180197394
-153.0225432958
-153.0236276569
-153.0224209971
-153.0225111992
-153.0221240262
-153.0223507396
-153.0234799162
-153.0231583146
-153.0226853799
-153.0193169785
-153.0220085996
-153.0161827530
-153.0228346823
-153.0252299436
-153.0232648104
-153.0226656453
-153.0209034248
-153.0254657907
-153.0241735688
-153.0221540227
-153.0219959879
-153.0224765756
-153.0176346153
-153.0220113036
-153.0200889481
