18.067423 -0.000000 1.010054 -0.000000 18.513927 0.000000 1.010054 0.000000 21.369252 
18.536588 -0.000000 0.428230 -0.000000 17.410306 0.000000 0.428230 0.000000 22.775594 
17.921188 0.630746 0.036577 0.630746 17.115017 -0.071877 0.036577 -0.071877 23.284208 
18.030986 0.644137 0.250147 0.644137 17.239323 0.038165 0.250147 0.038165 22.097954 
17.819870 0.317020 0.103960 0.317020 18.280263 -0.108353 0.103960 -0.108353 20.751752 
18.064766 0.005848 0.013557 0.005848 17.280206 -0.060112 0.013557 -0.060112 22.627115 
17.671586 0.356225 0.614013 0.356225 17.525475 -0.020606 0.614013 -0.020606 22.476475 
19.226948 0.343810 -0.000000 0.343810 18.829956 -0.000000 -0.000000 -0.000000 21.016184 
17.641390 -0.000000 -0.000000 -0.000000 16.331611 0.000000 -0.000000 0.000000 21.269496 
17.422506 0.281166 1.137744 0.281166 17.097726 0.656759 1.137744 0.656759 26.168111 
18.519742 0.229344 0.564239 0.229344 18.254839 0.325717 0.564239 0.325717 23.430868 
18.989861 -0.000000 -0.000000 -0.000000 17.453799 0.000000 -0.000000 0.000000 21.411765 
18.184216 0.355501 0.498584 0.355501 18.048128 -0.014306 0.498584 -0.014306 22.540446 
18.379825 0.000000 1.076828 0.000000 17.194718 -0.000000 1.076828 -0.000000 24.853381 
18.265235 0.099484 0.809696 0.099484 17.967694 0.478034 0.809696 0.478034 22.142848 
17.468402 -0.091902 -0.433284 -0.091902 16.067268 -0.028367 -0.433284 -0.028367 21.310183 
18.089789 -0.176927 0.545056 -0.176927 18.275665 -0.206796 0.545056 -0.206796 20.875446 
17.371428 0.027458 -0.093555 0.027458 17.659413 0.251494 -0.093555 0.251494 20.663741 
18.012037 0.176971 0.325280 0.176971 16.754245 -0.170057 0.325280 -0.170057 21.972265 
17.343286 -0.051111 -0.546208 -0.051111 17.776915 0.457328 -0.546208 0.457328 22.635261 
17.968309 0.127178 0.315530 0.127178 18.396376 -0.434227 0.315530 -0.434227 21.394699 
17.527753 0.634091 0.760999 0.634091 17.530558 0.525265 0.760999 0.525265 23.129016 
16.562775 -0.168720 0.953154 -0.168720 16.919238 -0.088245 0.953154 -0.088245 22.043094 
17.099967 0.115876 -0.694612 0.115876 16.474647 -0.702132 -0.694612 -0.702132 22.311048 
17.319313 0.119182 0.717160 0.119182 17.405416 -0.782801 0.717160 -0.782801 24.514326 
17.000539 -0.062631 0.286171 -0.062631 17.915205 -0.080142 0.286171 -0.080142 19.847809 
16.753593 -0.372393 0.323375 -0.372393 17.445647 -0.780201 0.323375 -0.780201 22.583194 
19.547759 0.080378 0.044528 0.080378 19.114243 0.074717 0.044528 0.074717 22.382705 
16.722973 0.328399 0.340025 0.328399 17.560899 -0.128119 0.340025 -0.128119 20.299201 
18.410577 0.691008 0.481513 0.691008 18.047506 -0.835033 0.481513 -0.835033 23.839543 
18.330871 -0.042800 0.399606 -0.042800 17.412183 -0.314075 0.399606 -0.314075 20.473340 
17.497250 -0.226001 0.319162 -0.226001 17.837358 0.135296 0.319162 0.135296 19.826471 
17.679214 0.232229 0.544750 0.232229 17.843588 0.262923 0.544750 0.262923 20.098922 
17.843087 -0.190210 0.222129 -0.190210 17.767786 0.254911 0.222129 0.254911 20.055548 
17.897377 -0.320088 0.331649 -0.320088 17.582265 -0.151004 0.331649 -0.151004 21.911891 
17.871024 0.187291 0.507662 0.187291 16.982200 0.205238 0.507662 0.205238 22.667963 
16.854294 0.457733 0.032360 0.457733 16.805989 -0.070977 0.032360 -0.070977 20.548525 
17.714006 -0.470470 -0.143571 -0.470470 17.973090 0.132065 -0.143571 0.132065 21.806665 
17.301211 0.078590 0.107263 0.078590 18.325833 -0.017842 0.107263 -0.017842 20.816772 
18.142811 -0.517049 0.004358 -0.517049 18.368025 0.916276 0.004358 0.916276 22.197437 
18.246522 -0.107432 0.087669 -0.107432 18.063014 0.491697 0.087669 0.491697 19.960244 
17.875752 -0.035373 0.574552 -0.035373 19.076759 -0.476501 0.574552 -0.476501 22.451917 
16.976243 -0.438978 0.067156 -0.438978 17.442679 -0.005743 0.067156 -0.005743 20.910122 
17.686174 -0.099349 -0.044216 -0.099349 16.928301 0.505572 -0.044216 0.505572 22.980992 
17.753665 0.277020 -0.036538 0.277020 18.562994 0.128480 -0.036538 0.128480 22.282674 
16.970901 -0.257339 0.223584 -0.257339 17.968291 0.114816 0.223584 0.114816 20.456210 
16.604567 -0.100619 1.111193 -0.100619 17.153047 -0.770336 1.111193 -0.770336 22.401278 
18.179595 -0.042724 -0.030429 -0.042724 18.316754 0.547793 -0.030429 0.547793 21.937680 
16.988295 0.598001 0.410410 0.598001 17.419266 -0.025303 0.410410 -0.025303 21.414603 
17.183443 0.250525 0.031753 0.250525 17.195227 0.742643 0.031753 0.742643 23.312125 
18.048852 -0.055131 1.246654 -0.055131 17.301496 0.140937 1.246654 0.140937 22.668911 
18.594700 0.263119 -0.066775 0.263119 17.926511 0.384784 -0.066775 0.384784 21.131668 
17.359100 -0.648908 0.715623 -0.648908 16.773270 0.105948 0.715623 0.105948 21.586094 
18.035830 0.013407 0.523186 0.013407 17.751173 0.299667 0.523186 0.299667 20.771950 
17.449590 -0.105303 1.316549 -0.105303 16.190243 0.325955 1.316549 0.325955 23.171755 
18.182156 -0.202572 0.194809 -0.202572 18.012011 0.317736 0.194809 0.317736 20.570973 
17.452621 0.262139 -0.151066 0.262139 16.459053 0.057493 -0.151066 0.057493 20.846517 
17.553244 -0.383093 0.970257 -0.383093 17.436363 0.136957 0.970257 0.136957 22.486527 
17.583514 -0.491104 0.821232 -0.491104 17.371955 0.180014 0.821232 0.180014 21.217094 
16.953440 -0.491001 0.053313 -0.491001 16.872159 -0.064608 0.053313 -0.064608 21.390872 
18.723957 -0.513940 0.687809 -0.513940 19.411923 0.345881 0.687809 0.345881 22.787217 
18.018083 -0.031071 0.364983 -0.031071 18.854455 0.127267 0.364983 0.127267 20.729036 
17.736952 -0.108334 0.556442 -0.108334 18.577034 -0.079358 0.556442 -0.079358 20.709839 
16.924480 0.036083 -0.091764 0.036083 16.440424 0.007117 -0.091764 0.007117 20.396241 
17.208169 -0.069204 -0.363449 -0.069204 17.665160 0.614960 -0.363449 0.614960 21.034604 
18.273580 0.100914 0.670818 0.100914 17.922760 -0.505033 0.670818 -0.505033 20.810587 
17.125195 -0.195803 0.450008 -0.195803 17.690734 -0.288499 0.450008 -0.288499 21.753603 
16.524694 -0.019231 0.647826 -0.019231 17.490136 -0.709028 0.647826 -0.709028 21.562061 
18.019698 -0.588624 0.184244 -0.588624 17.551059 0.105083 0.184244 0.105083 21.420792 
18.446638 -0.069798 -0.069290 -0.069798 17.105038 0.175425 -0.069290 0.175425 22.800748 
18.188008 -0.031185 -0.035104 -0.031185 18.427263 -0.089001 -0.035104 -0.089001 20.269868 
17.631359 -0.047211 0.008308 -0.047211 16.681362 0.023064 0.008308 0.023064 21.134390 
18.055109 -0.289219 0.686655 -0.289219 18.855330 0.167866 0.686655 0.167866 20.308566 
17.000096 0.119431 0.582592 0.119431 17.551406 0.099954 0.582592 0.099954 20.805062 
17.116371 0.220878 0.805878 0.220878 16.292842 0.037057 0.805878 0.037057 21.617277 
18.121357 -0.073129 0.244779 -0.073129 18.055726 0.390663 0.244779 0.390663 23.902254 
18.816554 0.474321 0.446675 0.474321 17.768828 0.163014 0.446675 0.163014 22.683699 
18.457451 0.524043 0.012627 0.524043 17.392531 -0.177807 0.012627 -0.177807 21.920032 
18.301643 -0.308412 -0.037850 -0.308412 16.991029 0.031582 -0.037850 0.031582 21.373648 
18.027086 0.168487 0.564639 0.168487 18.547170 -0.203744 0.564639 -0.203744 19.503373 
18.286152 0.181226 0.425396 0.181226 18.852799 -0.160982 0.425396 -0.160982 19.354064 
16.727031 0.024475 -0.383346 0.024475 16.785878 -0.682237 -0.383346 -0.682237 21.881319 
17.458730 -0.063495 -0.274436 -0.063495 17.342559 -0.603638 -0.274436 -0.603638 22.091387 
18.657338 0.001374 -0.351988 0.001374 17.928487 -0.343820 -0.351988 -0.343820 21.652637 
17.438358 0.362427 0.011229 0.362427 17.739374 0.425427 0.011229 0.425427 20.094908 
17.882944 0.104317 0.161876 0.104317 17.944401 0.094131 0.161876 0.094131 19.891422 
18.661602 0.120884 0.087747 0.120884 18.660902 0.038775 0.087747 0.038775 20.435857 
17.200551 0.650926 0.213835 0.650926 16.961075 0.178872 0.213835 0.178872 21.943186 
17.570156 0.165152 0.094341 0.165152 17.438796 0.631422 0.094341 0.631422 21.576408 
18.130592 -0.055925 -0.243984 -0.055925 18.966952 0.122591 -0.243984 0.122591 21.317531 
16.614825 -0.130230 -0.083908 -0.130230 16.408478 -0.700294 -0.083908 -0.700294 21.361301 
17.575053 0.112927 1.510731 0.112927 17.852044 0.444121 1.510731 0.444121 21.849679 
18.861730 1.058963 -0.122875 1.058963 18.727230 -0.267953 -0.122875 -0.267953 17.528245 
20.684596 -0.575927 1.125681 -0.575927 17.831101 -0.322223 1.125681 -0.322223 17.939899 
19.127383 -0.263472 0.421194 -0.263472 18.217215 0.081503 0.421194 0.081503 19.962352 
19.258056 0.555843 0.375898 0.555843 19.538904 0.153965 0.375898 0.153965 18.584686 
16.905381 -0.090881 0.145892 -0.090881 17.365613 0.065890 0.145892 0.065890 17.474621 
16.876898 0.130736 0.085511 0.130736 17.005858 0.066706 0.085511 0.066706 17.220283 
18.723592 0.667846 0.096561 0.667846 18.517222 -0.940890 0.096561 -0.940890 18.463533 
18.865092 -0.577148 0.080271 -0.577148 19.023360 0.080346 0.080271 0.080346 18.849111 
20.456758 -0.091918 -0.700002 -0.091918 19.872138 -0.830177 -0.700002 -0.830177 21.002800 
20.524218 0.139753 -0.206391 0.139753 18.284656 -0.350080 -0.206391 -0.350080 19.575713 
17.907382 -0.224392 -0.521219 -0.224392 19.979805 1.264922 -0.521219 1.264922 23.516006 
17.991426 -0.075756 0.353589 -0.075756 18.082712 -0.535190 0.353589 -0.535190 18.749248 
18.555186 -0.447474 0.340421 -0.447474 22.041554 1.046092 0.340421 1.046092 18.827381 
23.581015 -1.291788 0.499753 -1.291788 23.828890 -0.282394 0.499753 -0.282394 20.128344 
21.235402 -0.994762 -0.193480 -0.994762 20.110002 -0.100854 -0.193480 -0.100854 18.891399 
17.762270 -0.185036 -0.506234 -0.185036 19.476943 -0.190254 -0.506234 -0.190254 18.282593 
24.130733 0.548331 0.287736 0.548331 18.025908 0.045515 0.287736 0.045515 20.441875 
18.540047 0.106490 1.552021 0.106490 17.734732 0.276689 1.552021 0.276689 19.897830 
18.617511 0.345661 -0.908293 0.345661 19.879751 -1.161738 -0.908293 -1.161738 18.436033 
20.192061 -0.967267 0.342541 -0.967267 19.958205 0.188363 0.342541 0.188363 23.683097 
23.491056 -1.224225 0.533151 -1.224225 20.370336 0.235239 0.533151 0.235239 19.934033 
26.141699 -2.087393 0.635863 -2.087393 24.067828 -0.517446 0.635863 -0.517446 21.386397 
21.213296 -0.233576 -0.239283 -0.233576 21.082242 0.497204 -0.239283 0.497204 19.607067 
19.800485 0.030037 -0.133219 0.030037 19.320256 -0.343538 -0.133219 -0.343538 18.995223 
18.149669 -0.164227 0.205403 -0.164227 17.788214 0.429911 0.205403 0.429911 20.791812 
19.092761 1.238570 -0.309606 1.238570 20.154215 -0.397753 -0.309606 -0.397753 17.925452 
18.085314 -0.194508 0.486399 -0.194508 19.758147 0.215563 0.486399 0.215563 18.786495 
18.340947 0.039956 0.167453 0.039956 19.488901 -0.549420 0.167453 -0.549420 18.594483 
20.741278 -1.876722 -0.418198 -1.876722 25.300929 -0.396796 -0.418198 -0.396796 21.206040 
18.944668 0.703429 -0.209623 0.703429 22.465625 -1.783363 -0.209623 -1.783363 18.906947 
21.036095 -0.018658 -0.991500 -0.018658 19.623566 -1.477829 -0.991500 -1.477829 20.772946 
22.514984 -1.020109 0.129192 -1.020109 23.964172 1.056675 0.129192 1.056675 19.844765 
17.870610 0.195845 0.112530 0.195845 17.388100 0.122864 0.112530 0.122864 17.947255 
23.198642 -1.387293 1.699757 -1.387293 18.733275 -1.230949 1.699757 -1.230949 19.716224 
17.765434 -0.559229 0.526628 -0.559229 18.030143 -0.575157 0.526628 -0.575157 18.683068 
22.952889 -0.922400 -2.301306 -0.922400 20.900725 0.412630 -2.301306 0.412630 20.428107 
21.758238 0.406275 1.315099 0.406275 17.262778 -0.189935 1.315099 -0.189935 19.901208 
24.242388 -3.092492 1.136306 -3.092492 24.007434 -0.369056 1.136306 -0.369056 20.268182 
18.584643 -0.476146 0.268092 -0.476146 18.782515 -0.218472 0.268092 -0.218472 18.342535 
24.335915 -2.143284 -0.071077 -2.143284 25.702190 0.996560 -0.071077 0.996560 19.808835 
20.871427 -0.521005 -0.663319 -0.521005 20.525475 -0.107137 -0.663319 -0.107137 21.074138 
22.934890 0.593609 -0.830412 0.593609 24.063815 -0.643741 -0.830412 -0.643741 20.997380 
21.006968 0.422263 -1.660542 0.422263 17.733395 -0.268909 -1.660542 -0.268909 18.305788 
16.931970 0.215625 0.262304 0.215625 18.180367 0.217470 0.262304 0.217470 18.200407 
17.934758 -0.187046 0.190772 -0.187046 20.266017 -0.367881 0.190772 -0.367881 18.394204 
19.221120 -0.937346 -0.158782 -0.937346 19.482045 0.096858 -0.158782 0.096858 18.662247 
21.344006 0.919279 -0.432391 0.919279 22.597945 -0.835400 -0.432391 -0.835400 20.734268 
17.810572 0.259026 -0.835330 0.259026 17.661079 -0.910221 -0.835330 -0.910221 18.768485 
18.129077 0.213917 -0.488785 0.213917 18.175907 -0.052794 -0.488785 -0.052794 17.640596 
19.563740 1.000508 -1.133821 1.000508 21.569035 -1.532433 -1.133821 -1.532433 19.704522 
20.221637 1.424278 -2.521987 1.424278 20.836232 -2.428624 -2.521987 -2.428624 22.080120 
23.041233 -0.141691 0.165759 -0.141691 20.864091 0.087923 0.165759 0.087923 18.790666 
20.755787 -0.063261 0.587688 -0.063261 19.628885 0.352635 0.587688 0.352635 18.287317 
20.941730 -0.089413 -0.463475 -0.089413 19.581723 -0.723164 -0.463475 -0.723164 20.751917 
22.299359 -1.764889 -0.307601 -1.764889 20.182342 0.586355 -0.307601 0.586355 19.636840 
27.440601 -0.905143 0.161904 -0.905143 20.805126 0.631365 0.161904 0.631365 19.402581 
25.098642 -0.023348 0.212419 -0.023348 20.629674 0.094240 0.212419 0.094240 20.978017 
20.674544 -1.245608 -0.516173 -1.245608 20.072005 0.546214 -0.516173 0.546214 19.503970 
21.041385 -1.739924 1.580849 -1.739924 25.883784 -3.875857 1.580849 -3.875857 21.741687 
21.691059 0.090672 0.209436 0.090672 20.292377 -0.961825 0.209436 -0.961825 20.734867 
19.146401 1.068749 0.060078 1.068749 23.242884 -1.153051 0.060078 -1.153051 18.320581 
19.020202 -1.180556 -1.387647 -1.180556 18.312922 2.057572 -1.387647 2.057572 18.406893 
22.427248 1.904645 -0.622158 1.904645 21.797907 -0.256214 -0.622158 -0.256214 18.329492 
21.522820 -0.891312 -0.823590 -0.891312 18.913165 0.747791 -0.823590 0.747791 19.268511 
18.739779 -1.349106 -0.011156 -1.349106 22.563279 1.156829 -0.011156 1.156829 21.330988 
21.040661 0.020391 0.382349 0.020391 22.087803 -0.246963 0.382349 -0.246963 20.939358 
20.932978 -0.767015 -0.292647 -0.767015 20.934964 0.083583 -0.292647 0.083583 21.626174 
18.673987 0.927745 -0.243214 0.927745 20.996730 1.450600 -0.243214 1.450600 20.318789 
21.665359 0.214679 -0.287255 0.214679 20.115970 -2.124463 -0.287255 -2.124463 23.081930 
25.316087 0.610333 0.329892 0.610333 21.459114 -1.159295 0.329892 -1.159295 24.940190 
24.247396 1.121413 -0.377690 1.121413 22.791540 -1.026036 -0.377690 -1.026036 20.963240 
21.760222 -0.036914 -0.105680 -0.036914 20.576726 0.594776 -0.105680 0.594776 19.662878 
19.215964 -2.139054 0.025052 -2.139054 22.965805 -0.177276 0.025052 -0.177276 18.080735 
18.384433 0.353785 0.328565 0.353785 19.451692 1.140974 0.328565 1.140974 19.188442 
18.733695 0.586256 0.526317 0.586256 20.911544 1.064676 0.526317 1.064676 20.585884 
19.720446 -1.187625 -1.629377 -1.187625 18.687303 1.102272 -1.629377 1.102272 19.179638 
18.350556 0.133747 -0.955525 0.133747 17.394597 0.081372 -0.955525 0.081372 19.073946 
22.922559 -2.155701 -0.059735 -2.155701 23.338681 0.571982 -0.059735 0.571982 20.735439 
20.798333 -1.092836 -0.668777 -1.092836 23.350414 0.001179 -0.668777 0.001179 19.970245 
20.445185 -0.581062 -1.411048 -0.581062 23.905627 0.228395 -1.411048 0.228395 20.551311 
19.795083 0.798675 0.829801 0.798675 20.809747 0.719384 0.829801 0.719384 19.565701 
21.258496 -0.997546 -0.467954 -0.997546 17.905666 0.301770 -0.467954 0.301770 18.581014 
21.322357 -0.327063 0.689179 -0.327063 19.575171 -0.567201 0.689179 -0.567201 19.883964 
26.406004 -2.717214 -1.611427 -2.717214 21.441151 0.724676 -1.611427 0.724676 21.359529 
18.826956 0.151282 -1.469455 0.151282 18.785143 1.222185 -1.469455 1.222185 20.101338 
22.495561 0.107310 -0.626481 0.107310 19.189391 -0.126960 -0.626481 -0.126960 18.902625 
17.735810 -0.120097 -0.080864 -0.120097 18.321391 0.162945 -0.080864 0.162945 17.989355 
22.789601 0.666075 -0.574779 0.666075 21.516737 -0.593680 -0.574779 -0.593680 19.450354 
18.095918 -0.545102 -0.057386 -0.545102 23.091372 -0.293039 -0.057386 -0.293039 18.842127 
20.091495 -0.737488 -0.309982 -0.737488 20.958148 -0.174478 -0.309982 -0.174478 21.031945 
21.094130 -0.233068 -0.520049 -0.233068 19.848444 0.531291 -0.520049 0.531291 19.759446 
22.669561 -0.906778 -0.006868 -0.906778 19.695146 0.259270 -0.006868 0.259270 19.059220 
21.429767 -1.406348 0.482112 -1.406348 22.882957 -0.752532 0.482112 -0.752532 18.549975 
18.440038 -0.479768 -0.059346 -0.479768 18.754089 -0.279952 -0.059346 -0.279952 18.551601 
24.497612 -0.042978 -0.749850 -0.042978 19.578819 -0.738558 -0.749850 -0.738558 20.344570 
18.752619 0.963712 -0.792154 0.963712 18.343514 -0.392819 -0.792154 -0.392819 18.624719 
28.009789 -0.340146 1.138754 -0.340146 23.827036 1.115444 1.138754 1.115444 20.437285 
22.448891 0.527959 0.455339 0.527959 20.476107 0.647548 0.455339 0.647548 19.215748 
21.420997 -1.455158 1.250643 -1.455158 20.417375 -0.889351 1.250643 -0.889351 20.217219 
17.770944 -0.213009 0.151928 -0.213009 17.492453 0.666914 0.151928 0.666914 19.053872 
21.803310 -1.282361 -0.538274 -1.282361 24.040904 -0.650739 -0.538274 -0.650739 21.572130 
21.923493 -0.689227 1.286879 -0.689227 21.913136 0.883748 1.286879 0.883748 19.999397 
20.780357 -0.280991 1.307575 -0.280991 22.451813 -0.252314 1.307575 -0.252314 25.356537 
24.645189 -3.234328 -0.535076 -3.234328 21.409180 0.982797 -0.535076 0.982797 21.007394 
20.573304 0.663218 -1.137411 0.663218 18.847902 -0.906274 -1.137411 -0.906274 19.195418 
21.885034 1.747057 0.958240 1.747057 20.059277 0.291553 0.958240 0.291553 18.214208 
23.826721 -1.338410 -0.687829 -1.338410 25.994371 -0.625372 -0.687829 -0.625372 22.107188 
21.179804 -0.289804 1.186942 -0.289804 22.300854 0.870154 1.186942 0.870154 20.083355 
22.245611 2.092600 -0.783834 2.092600 22.163869 -0.680629 -0.783834 -0.680629 18.997079 
19.686670 -1.317925 -0.208340 -1.317925 20.146880 -0.294820 -0.208340 -0.294820 19.762420 
20.639873 0.378633 0.196410 0.378633 18.859083 0.307871 0.196410 0.307871 19.347835 
19.240299 0.141604 0.041240 0.141604 19.391155 0.021667 0.041240 0.021667 17.968546 
21.938309 -1.388238 0.303826 -1.388238 22.440784 -0.981154 0.303826 -0.981154 22.137159 
19.508777 1.633502 -0.556429 1.633502 19.211655 -0.838771 -0.556429 -0.838771 17.528336 
19.535991 -0.261906 -0.009514 -0.261906 20.613624 0.011619 -0.009514 0.011619 19.108503 
23.644825 1.373465 1.402864 1.373465 18.824347 0.592005 1.402864 0.592005 19.778263 
22.013412 -0.023758 -0.693594 -0.023758 23.341381 -1.159269 -0.693594 -1.159269 20.458993 
17.690301 0.534204 -0.246398 0.534204 18.083332 0.141306 -0.246398 0.141306 18.982870 
23.891571 -2.070981 0.865566 -2.070981 22.036432 -0.221506 0.865566 -0.221506 19.375786 
21.673292 1.550421 -0.327949 1.550421 21.606239 0.185530 -0.327949 0.185530 19.821039 
22.644978 0.114038 -1.412637 0.114038 19.766051 0.724378 -1.412637 0.724378 18.533384 
22.903411 -3.014891 -0.125364 -3.014891 21.328449 0.013601 -0.125364 0.013601 19.778397 
21.130003 0.211843 -0.764849 0.211843 21.642437 -0.382593 -0.764849 -0.382593 20.533346 
23.909456 -2.182119 -2.858812 -2.182119 20.036226 1.232723 -2.858812 1.232723 21.390735 
18.489968 -0.558276 -0.375327 -0.558276 19.804872 1.505438 -0.375327 1.505438 19.408209 
24.342561 0.121375 0.946293 0.121375 23.235533 0.209838 0.946293 0.209838 24.144704 
23.658378 -1.393001 -3.135118 -1.393001 22.813944 0.831933 -3.135118 0.831933 26.751328 
25.256548 -1.640536 2.538799 -1.640536 21.248696 -0.584663 2.538799 -0.584663 22.106778 
19.568958 1.022138 -0.026215 1.022138 18.206833 -0.126143 -0.026215 -0.126143 17.586853 
17.808880 -0.143562 0.129221 -0.143562 17.877438 0.083821 0.129221 0.083821 17.860024 
21.287077 0.101212 -1.480938 0.101212 19.003512 -0.895690 -1.480938 -0.895690 18.842319 
21.534805 -0.293269 0.369744 -0.293269 18.744162 -0.053523 0.369744 -0.053523 18.270899 
19.608702 0.985683 -0.132354 0.985683 20.370235 -0.411576 -0.132354 -0.411576 18.632906 
21.041947 0.252371 -0.682040 0.252371 21.315464 -0.955932 -0.682040 -0.955932 19.811785 
19.671712 -2.076701 0.268229 -2.076701 19.013733 -0.181914 0.268229 -0.181914 17.294216 
20.953921 -0.751847 0.146945 -0.751847 22.417170 2.013963 0.146945 2.013963 20.784280 
20.102254 2.065699 -0.886880 2.065699 21.411363 -1.248795 -0.886880 -1.248795 19.894155 
19.430124 0.007074 -0.277483 0.007074 20.505187 0.235732 -0.277483 0.235732 19.963871 
18.951264 0.057268 0.028534 0.057268 21.275024 -4.053493 0.028534 -4.053493 22.556064 
19.809938 -1.192540 -0.605642 -1.192540 18.772594 0.403282 -0.605642 0.403282 17.265633 
20.954718 -1.251092 0.586633 -1.251092 23.144013 -1.569421 0.586633 -1.569421 20.451887 
23.393102 -1.357677 0.326778 -1.357677 21.385777 -0.209198 0.326778 -0.209198 23.695202 
18.272746 0.511644 0.596236 0.511644 20.626933 2.162707 0.596236 2.162707 21.691505 
18.864397 0.131052 0.472905 0.131052 20.167245 0.263508 0.472905 0.263508 18.283115 
19.493139 -0.269438 0.603095 -0.269438 19.715755 0.650054 0.603095 0.650054 20.152468 
19.128754 1.235080 0.339893 1.235080 18.018184 -0.316935 0.339893 -0.316935 17.475951 
17.249357 0.238525 -0.726966 0.238525 18.913989 0.588998 -0.726966 0.588998 17.560842 
20.517045 0.406696 -0.659315 0.406696 18.430031 -0.062748 -0.659315 -0.062748 20.376579 
21.136595 0.420357 0.349565 0.420357 21.770849 1.438823 0.349565 1.438823 20.899547 
17.580902 0.183878 0.027416 0.183878 19.054268 0.594013 0.027416 0.594013 18.219594 
20.481729 1.141165 -0.848277 1.141165 22.410596 -0.431902 -0.848277 -0.431902 24.403012 
19.305659 -1.225059 -0.504206 -1.225059 19.696038 -1.553108 -0.504206 -1.553108 20.086673 
26.249494 0.220950 1.406040 0.220950 19.617458 0.277256 1.406040 0.277256 19.472922 
19.237791 0.220985 0.216670 0.220985 16.621869 0.051600 0.216670 0.051600 17.571678 
19.311970 1.340482 -0.756080 1.340482 18.553001 -0.034961 -0.756080 -0.034961 17.661813 
23.565532 -0.722439 -0.760627 -0.722439 23.612260 1.152732 -0.760627 1.152732 20.359840 
21.724098 0.245831 -0.289702 0.245831 22.621695 -0.297335 -0.289702 -0.297335 19.795444 
19.029323 -0.995841 -0.755494 -0.995841 20.177313 0.141438 -0.755494 0.141438 20.759047 
23.204292 0.664171 -0.708499 0.664171 23.597756 -0.141260 -0.708499 -0.141260 24.058973 
22.612729 -1.339938 2.193586 -1.339938 21.759974 -0.758810 2.193586 -0.758810 23.286812 
23.883724 1.966177 0.274355 1.966177 26.118601 1.172332 0.274355 1.172332 21.106062 
20.521126 -0.373449 0.144021 -0.373449 19.360247 0.401639 0.144021 0.401639 19.192847 
21.737681 0.994763 0.167628 0.994763 22.755912 -0.246312 0.167628 -0.246312 18.889451 
26.637871 -1.736470 1.583233 -1.736470 22.699096 -1.267586 1.583233 -1.267586 21.748873 
20.881017 1.460652 0.399302 1.460652 23.255426 1.743482 0.399302 1.743482 20.912825 
21.947065 1.705211 0.223120 1.705211 24.517735 -0.149741 0.223120 -0.149741 20.750805 
20.220912 -0.762469 -0.090986 -0.762469 20.543227 -1.468548 -0.090986 -1.468548 19.770694 
20.035732 -0.551726 -0.925374 -0.551726 20.497334 1.106164 -0.925374 1.106164 21.058149 
19.955781 -0.115250 1.372164 -0.115250 17.411154 0.181420 1.372164 0.181420 18.227938 
20.442266 -0.003151 -0.043850 -0.003151 25.922775 0.027115 -0.043850 0.027115 19.968022 
20.578554 1.478202 -0.217149 1.478202 20.993366 -0.492657 -0.217149 -0.492657 18.150367 
20.643474 0.709127 0.201067 0.709127 20.120183 0.212180 0.201067 0.212180 17.884374 
23.387060 0.926118 0.891139 0.926118 21.397987 0.526670 0.891139 0.526670 20.159609 
24.828961 -2.274276 -0.682272 -2.274276 26.997790 0.071193 -0.682272 0.071193 23.450547 
19.555365 -1.510853 -0.993686 -1.510853 23.827927 1.738437 -0.993686 1.738437 20.441924 
20.201844 0.691661 0.287052 0.691661 21.075340 -0.309925 0.287052 -0.309925 20.830070 
26.620648 -1.359743 0.186201 -1.359743 23.205772 0.733294 0.186201 0.733294 20.340436 
23.558593 -1.288254 0.406798 -1.288254 20.359839 -0.947609 0.406798 -0.947609 21.031717 
20.996085 -0.425651 0.661404 -0.425651 17.167789 -0.123321 0.661404 -0.123321 18.381862 
23.928178 0.057014 -0.031507 0.057014 23.165920 -0.504924 -0.031507 -0.504924 19.543395 
20.179990 0.456141 0.470015 0.456141 23.348334 0.522414 0.470015 0.522414 19.873550 
19.004966 -0.758415 0.035240 -0.758415 19.560946 -0.048829 0.035240 -0.048829 17.808603 
18.207398 -0.291552 0.388207 -0.291552 20.076963 -2.524798 0.388207 -2.524798 20.280517 
25.923258 0.759602 -0.378254 0.759602 23.294570 -0.540562 -0.378254 -0.540562 21.351544 
24.548409 0.725314 -0.678644 0.725314 20.784862 0.362789 -0.678644 0.362789 21.822729 
19.726819 -0.277113 -1.160196 -0.277113 21.654600 -0.380581 -1.160196 -0.380581 20.628390 
19.273748 -0.803924 -0.275328 -0.803924 21.747380 0.318809 -0.275328 0.318809 18.731240 
20.636399 -0.346686 1.697508 -0.346686 18.607579 -0.137571 1.697508 -0.137571 20.643375 
19.804047 -0.470071 0.444254 -0.470071 23.022658 -1.528609 0.444254 -1.528609 19.028725 
19.854882 -0.275539 -0.421594 -0.275539 20.269422 -0.150519 -0.421594 -0.150519 18.173715 
19.613483 0.053899 -0.152825 0.053899 20.355477 0.189564 -0.152825 0.189564 18.888036 
25.288892 -1.887282 0.851651 -1.887282 21.381884 -0.755158 0.851651 -0.755158 20.226358 
23.794330 -0.595105 0.314938 -0.595105 24.929432 0.115918 0.314938 0.115918 24.638488 
19.672293 0.616828 -0.523860 0.616828 22.045265 -0.468205 -0.523860 -0.468205 19.600798 
19.244892 -1.072413 0.279300 -1.072413 21.449405 -0.425079 0.279300 -0.425079 20.488606 
21.679573 0.315707 1.162687 0.315707 20.624847 1.716621 1.162687 1.716621 21.898067 
19.176779 0.706916 0.024783 0.706916 19.207300 0.291690 0.024783 0.291690 18.973261 
24.633229 -1.515229 0.058663 -1.515229 22.720310 0.096249 0.058663 0.096249 20.293689 
23.279128 -0.133371 0.791362 -0.133371 24.667396 0.686358 0.791362 0.686358 19.617557 
22.630344 -1.226844 0.376296 -1.226844 22.143174 -1.011136 0.376296 -1.011136 22.568987 
19.803558 0.669993 0.135165 0.669993 19.987234 0.161845 0.135165 0.161845 18.212485 
19.664552 0.175106 0.331995 0.175106 20.546391 -0.098553 0.331995 -0.098553 20.056387 
21.459709 0.603318 -0.220953 0.603318 21.671889 0.604212 -0.220953 0.604212 19.304256 
21.289307 -0.248809 0.527941 -0.248809 20.078097 -0.477499 0.527941 -0.477499 20.159361 
22.375201 -1.010934 0.814765 -1.010934 20.964309 1.115642 0.814765 1.115642 22.052822 
23.988038 0.307894 0.159090 0.307894 23.501777 -0.311493 0.159090 -0.311493 20.065762 
18.698178 -0.392628 0.516755 -0.392628 19.381598 -1.015824 0.516755 -1.015824 19.982496 
21.706915 -0.103185 -0.367104 -0.103185 22.936978 -1.131010 -0.367104 -1.131010 20.695494 
22.190150 0.292422 -2.509029 0.292422 20.327105 0.832821 -2.509029 0.832821 24.648385 
21.302653 0.092522 0.597182 0.092522 19.083372 -0.312574 0.597182 -0.312574 19.678705 
20.251266 0.312538 1.601803 0.312538 19.347945 0.998875 1.601803 0.998875 21.187112 
20.581513 0.051220 0.205637 0.051220 20.657402 -0.362018 0.205637 -0.362018 20.164240 
18.709265 0.424600 1.759323 0.424600 17.795693 1.833947 1.759323 1.833947 21.906176 
22.223287 0.125336 0.938324 0.125336 20.939701 -0.368803 0.938324 -0.368803 20.320478 
21.221657 -0.217350 0.456770 -0.217350 19.512209 -1.447175 0.456770 -1.447175 20.935631 
23.549468 1.932576 1.424599 1.932576 26.320480 2.362727 1.424599 2.362727 22.911718 
19.377799 -0.111289 -0.570720 -0.111289 18.475551 0.305251 -0.570720 0.305251 18.564374 
28.676524 -2.564996 1.365197 -2.564996 21.581238 0.041161 1.365197 0.041161 20.283356 
18.780517 0.144182 -0.942713 0.144182 19.940046 0.845866 -0.942713 0.845866 20.337461 
19.747898 0.153655 0.844217 0.153655 19.557603 -0.513617 0.844217 -0.513617 22.612927 
19.903461 0.364394 0.463910 0.364394 24.161264 0.251885 0.463910 0.251885 20.738186 
19.568826 -0.365690 0.353047 -0.365690 16.710895 -0.256501 0.353047 -0.256501 17.812015 
21.110827 1.079097 0.660609 1.079097 23.924082 -0.081436 0.660609 -0.081436 22.414420 
19.205455 1.426456 -0.244292 1.426456 16.475519 -0.015880 -0.244292 -0.015880 16.745324 
25.774791 0.666928 -1.552653 0.666928 22.798853 0.609052 -1.552653 0.609052 20.284347 
18.241039 -3.149882 -0.058915 -3.149882 25.562085 0.315339 -0.058915 0.315339 18.838722 
23.745815 -2.746302 -0.772369 -2.746302 24.330139 0.816826 -0.772369 0.816826 20.505200 
24.276158 -1.962719 -0.295121 -1.962719 24.188027 0.318474 -0.295121 0.318474 19.441825 
22.459678 -0.075293 0.367676 -0.075293 22.646651 0.509980 0.367676 0.509980 18.353585 
20.642885 -1.431414 0.699854 -1.431414 19.500459 0.070144 0.699854 0.070144 17.726784 
30.408096 -2.330619 -0.360618 -2.330619 22.920594 -1.361394 -0.360618 -1.361394 20.627989 
18.931773 -1.717262 0.972485 -1.717262 21.930024 -1.788557 0.972485 -1.788557 18.360851 
21.088288 2.149889 -0.831724 2.149889 24.921230 -0.934113 -0.831724 -0.934113 18.453809 
19.725892 -0.030409 -1.016964 -0.030409 20.072419 1.322058 -1.016964 1.322058 19.677734 
20.880954 0.500351 -0.017399 0.500351 23.803102 0.708867 -0.017399 0.708867 18.559194 
18.151489 0.292312 0.787983 0.292312 15.497332 -0.006038 0.787983 -0.006038 16.406880 
22.316322 0.556897 0.040255 0.556897 23.200180 0.480816 0.040255 0.480816 19.963638 
25.195304 1.727114 -0.313914 1.727114 21.167929 0.242244 -0.313914 0.242244 20.343235 
18.447207 0.284706 0.234747 0.284706 20.902553 0.129261 0.234747 0.129261 17.493839 
20.363637 -1.758865 0.483226 -1.758865 18.749292 0.260975 0.483226 0.260975 18.624976 
34.479210 3.554511 1.107001 3.554511 21.454631 0.032215 1.107001 0.032215 19.349225 
20.560474 -0.970440 0.215391 -0.970440 20.084330 -1.262489 0.215391 -1.262489 19.057101 
20.225194 0.205166 1.121614 0.205166 18.176745 0.884207 1.121614 0.884207 17.794625 
16.727902 -1.068293 0.145860 -1.068293 18.601287 0.243710 0.145860 0.243710 16.557307 
26.379715 -0.318441 1.018240 -0.318441 22.991390 0.936926 1.018240 0.936926 22.360692 
17.790202 -0.933154 -1.223468 -0.933154 22.223521 1.076217 -1.223468 1.076217 21.640500 
18.044797 -0.041327 -0.531220 -0.041327 21.245588 -1.204972 -0.531220 -1.204972 17.230600 
18.646875 0.269742 0.613124 0.269742 17.602208 0.169700 0.613124 0.169700 16.751047 
24.411204 -1.878868 -1.139369 -1.878868 25.556050 -0.633035 -1.139369 -0.633035 21.323967 
20.176967 -0.848613 -2.275075 -0.848613 19.489696 0.982998 -2.275075 0.982998 24.665902 
15.838285 -0.042096 -0.689876 -0.042096 16.139627 -0.152458 -0.689876 -0.152458 17.831428 
26.310615 -2.548214 1.493450 -2.548214 22.274626 -0.642268 1.493450 -0.642268 18.929454 
19.423321 -0.790175 0.235505 -0.790175 19.902778 0.345344 0.235505 0.345344 18.394620 
18.438301 -0.633511 -0.207291 -0.633511 18.165252 -0.453091 -0.207291 -0.453091 16.930970 
22.821501 0.559939 0.374569 0.559939 19.443385 -0.721116 0.374569 -0.721116 17.951822 
19.290768 0.843633 0.686209 0.843633 22.272348 0.919898 0.686209 0.919898 19.264222 
24.657860 -0.639677 1.971461 -0.639677 17.212585 0.138618 1.971461 0.138618 19.714622 
24.630511 -0.237058 -1.384048 -0.237058 21.457134 0.487725 -1.384048 0.487725 18.640362 
29.799039 -2.275209 -0.604000 -2.275209 20.785422 0.138169 -0.604000 0.138169 24.120900 
20.812534 1.588597 0.662874 1.588597 17.425702 -0.322896 0.662874 -0.322896 17.983201 
34.908784 -0.655503 -2.605816 -0.655503 20.428586 0.541119 -2.605816 0.541119 22.206108 
23.627983 -2.789290 -1.051391 -2.789290 20.738958 0.457286 -1.051391 0.457286 22.966464 
22.129582 1.014239 0.636834 1.014239 22.282641 1.591478 0.636834 1.591478 18.999993 
22.156171 -0.339111 0.463121 -0.339111 16.837161 -0.239272 0.463121 -0.239272 17.847683 
17.220154 -0.092372 -0.397055 -0.092372 17.640901 -1.022387 -0.397055 -1.022387 18.766809 
21.779685 2.403996 -2.499394 2.403996 25.443594 -1.535895 -2.499394 -1.535895 21.685169 
17.160993 0.122050 0.342176 0.122050 16.660778 0.974634 0.342176 0.974634 17.729597 
16.849945 0.199334 0.298628 0.199334 18.890853 0.123744 0.298628 0.123744 16.395510 
22.107241 -0.230425 -0.626413 -0.230425 20.396021 -0.599005 -0.626413 -0.599005 22.130791 
19.181046 -0.699967 0.369059 -0.699967 20.765567 2.253748 0.369059 2.253748 24.440114 
25.064947 0.749434 -0.109459 0.749434 20.516243 0.409253 -0.109459 0.409253 18.596486 
18.927151 -2.099592 -0.427335 -2.099592 24.523173 2.507059 -0.427335 2.507059 19.315760 
27.256855 1.410001 0.537953 1.410001 21.703169 0.513204 0.537953 0.513204 20.928855 
18.945282 -1.499016 0.053498 -1.499016 19.654717 0.074431 0.053498 0.074431 20.040737 
16.265611 0.380872 0.221381 0.380872 17.890492 0.820078 0.221381 0.820078 15.964934 
23.157824 1.343550 1.066866 1.343550 19.544133 0.786296 1.066866 0.786296 18.606075 
23.461122 -2.817780 -0.123520 -2.817780 28.755033 -1.128646 -0.123520 -1.128646 20.528210 
19.201920 -2.008938 -1.502207 -2.008938 20.213804 1.938729 -1.502207 1.938729 17.892150 
23.582184 -1.641573 -0.006220 -1.641573 23.130014 -0.449226 -0.006220 -0.449226 19.870229 
22.442960 -0.049008 0.616964 -0.049008 17.866333 -0.213470 0.616964 -0.213470 17.903730 
20.379616 0.285271 -2.067931 0.285271 18.554658 1.007990 -2.067931 1.007990 21.073272 
21.329905 1.437894 -1.172151 1.437894 18.754399 0.141672 -1.172151 0.141672 19.006835 
23.213185 -0.760064 0.000000 -0.760064 16.857498 0.000000 0.000000 0.000000 16.599781 
16.546625 0.101509 -0.457044 0.101509 16.002236 -0.641422 -0.457044 -0.641422 17.976516 
20.432391 0.257527 -0.074443 0.257527 21.423173 -1.490547 -0.074443 -1.490547 19.132626 
17.084250 0.535047 -0.798352 0.535047 18.089088 -0.640822 -0.798352 -0.640822 18.835994 
22.323325 0.000592 1.731504 0.000592 18.947389 -0.000312 1.731504 -0.000312 17.915481 
20.354229 -1.846024 -0.247407 -1.846024 25.173366 0.223822 -0.247407 0.223822 18.996542 
20.067493 0.745715 1.254492 0.745715 18.402391 0.860913 1.254492 0.860913 18.092469 
19.968598 -1.745399 -0.449930 -1.745399 23.800466 -0.470131 -0.449930 -0.470131 19.827744 
21.192589 -2.918178 1.330839 -2.918178 18.328940 -0.961780 1.330839 -0.961780 17.313089 
21.368828 -0.446686 -0.774778 -0.446686 19.676354 0.795512 -0.774778 0.795512 26.779554 
20.231067 -0.119694 -1.750157 -0.119694 20.760623 1.816479 -1.750157 1.816479 23.154703 
23.804385 -2.144846 -1.564802 -2.144846 20.205399 0.551171 -1.564802 0.551171 19.895512 
20.375691 -0.756640 -1.643413 -0.756640 17.528751 1.008360 -1.643413 1.008360 23.135945 
18.985920 -1.564348 0.443315 -1.564348 24.046820 1.508657 0.443315 1.508657 19.255871 
23.641081 -0.060936 -0.014257 -0.060936 25.849654 1.485095 -0.014257 1.485095 21.956073 
30.320801 1.708886 0.786629 1.708886 20.376054 0.660583 0.786629 0.660583 19.715277 
17.859468 -0.789730 0.104540 -0.789730 19.282490 0.217533 0.104540 0.217533 19.674525 
19.473909 -0.000180 0.622572 -0.000180 17.739041 -0.000284 0.622572 -0.000284 17.233945 
17.333415 -2.192151 0.741583 -2.192151 24.103729 -0.558702 0.741583 -0.558702 19.098449 
19.481026 -0.406249 0.327639 -0.406249 22.512600 0.788488 0.327639 0.788488 18.662701 
21.516965 0.776910 -0.047581 0.776910 16.356107 -0.054552 -0.047581 -0.054552 16.643377 
20.800629 -2.157718 0.511714 -2.157718 25.127489 -0.911461 0.511714 -0.911461 18.598184 
19.493781 0.291041 -0.504022 0.291041 21.162098 1.492089 -0.504022 1.492089 19.079023 
21.293029 -0.554655 -0.176204 -0.554655 21.688115 1.910903 -0.176204 1.910903 19.993768 
19.279517 -0.164708 -0.804030 -0.164708 16.898083 -0.919371 -0.804030 -0.919371 17.255587 
22.578507 1.089466 0.973042 1.089466 18.700384 -0.362991 0.973042 -0.362991 19.849032 
19.168993 1.437291 -0.301745 1.437291 21.677388 -0.524531 -0.301745 -0.524531 17.439443 
24.774219 5.598986 0.350658 5.598986 27.714274 1.077994 0.350658 1.077994 22.358635 
25.788712 0.080985 -0.601247 0.080985 18.100488 0.169759 -0.601247 0.169759 18.471394 
17.893770 -0.399608 -1.167841 -0.399608 19.308626 0.001614 -1.167841 0.001614 20.860303 
22.991909 -0.320605 -0.830286 -0.320605 23.077866 0.827634 -0.830286 0.827634 20.891408 
20.315767 0.666684 0.719161 0.666684 19.417407 1.680826 0.719161 1.680826 18.756214 
22.826506 -0.000215 -0.000254 -0.000215 16.823499 -0.000033 -0.000254 -0.000033 18.411148 
19.971696 -0.498753 0.237025 -0.498753 25.800022 -4.918386 0.237025 -4.918386 23.974812 
22.806374 1.431429 0.088432 1.431429 23.040184 0.175398 0.088432 0.175398 20.062467 
20.522286 0.457516 1.530406 0.457516 18.346578 1.924649 1.530406 1.924649 23.473387 
20.933253 -2.783006 -1.670490 -2.783006 24.126528 1.012074 -1.670490 1.012074 20.916336 
26.939911 2.172749 2.467249 2.172749 22.859185 2.879436 2.467249 2.879436 22.648978 
15.876666 1.370701 0.867941 1.370701 19.042219 2.280483 0.867941 2.280483 18.936200 
21.016620 -0.699782 1.077901 -0.699782 22.770610 0.863252 1.077901 0.863252 19.201048 
20.058799 0.100488 -0.393642 0.100488 20.406208 0.955170 -0.393642 0.955170 16.907650 
17.213715 0.452479 1.514535 0.452479 17.586561 -0.114269 1.514535 -0.114269 20.646222 
18.389390 -0.076681 -0.189707 -0.076681 19.671403 -0.751926 -0.189707 -0.751926 18.668351 
19.463215 -0.799719 -0.435649 -0.799719 16.810711 0.673766 -0.435649 0.673766 16.950547 
23.485472 1.500325 -1.437474 1.500325 25.887398 -3.169096 -1.437474 -3.169096 21.001705 
22.314594 -0.000039 0.000000 -0.000039 18.106893 -0.000000 0.000000 -0.000000 16.822840 
20.460434 1.966789 -1.400097 1.966789 20.687496 -1.075756 -1.400097 -1.075756 18.407799 
21.476125 0.530722 -0.908100 0.530722 20.434227 -1.025417 -0.908100 -1.025417 19.057366 
19.962521 -2.418418 0.306511 -2.418418 20.895669 0.208880 0.306511 0.208880 18.981834 
21.822013 -0.059724 -1.417341 -0.059724 16.731091 0.169166 -1.417341 0.169166 16.601236 
18.561665 2.125105 0.109167 2.125105 22.480059 0.707155 0.109167 0.707155 19.929435 
19.848905 1.295649 0.405790 1.295649 21.323291 -0.223299 0.405790 -0.223299 17.703173 
21.700590 0.958318 1.463908 0.958318 19.488071 0.306923 1.463908 0.306923 18.949271 
19.824144 -0.520339 -2.161755 -0.520339 18.701769 -0.618720 -2.161755 -0.618720 22.215380 
20.589804 -0.456309 -1.586220 -0.456309 18.819668 1.913060 -1.586220 1.913060 24.684584 
21.596746 -1.190457 0.783310 -1.190457 18.076870 -0.570993 0.783310 -0.570993 18.658568 
18.629178 -0.385938 -1.213535 -0.385938 20.500157 -1.061892 -1.213535 -1.061892 19.228157 
20.354992 -2.488108 0.559779 -2.488108 21.480678 -0.569934 0.559779 -0.569934 17.308950 
17.129130 -0.360666 0.396314 -0.360666 19.662963 -1.277609 0.396314 -1.277609 17.436494 
23.758170 -0.726245 0.000000 -0.726245 18.574012 -0.000000 0.000000 -0.000000 17.370958 
19.119664 0.615913 -0.612964 0.615913 20.346725 2.486257 -0.612964 2.486257 23.318605 
21.329759 -0.708228 -1.282124 -0.708228 16.913421 -0.038885 -1.282124 -0.038885 16.838227 
17.405312 -0.994992 0.604773 -0.994992 18.146360 -0.116195 0.604773 -0.116195 17.260712 
23.089875 -0.334903 0.994273 -0.334903 17.577428 0.470902 0.994273 0.470902 17.871656 
23.444962 -3.094868 -2.056265 -3.094868 23.208422 1.356184 -2.056265 1.356184 19.245334 
21.289297 1.236787 -1.578328 1.236787 21.760571 -1.683099 -1.578328 -1.683099 22.158948 
21.499310 -1.484088 -1.546269 -1.484088 20.538172 0.334361 -1.546269 0.334361 21.921385 
22.097786 2.011729 1.670996 2.011729 19.797438 1.008129 1.670996 1.008129 18.574743 
20.859137 -0.419119 0.467981 -0.419119 19.231632 -0.350994 0.467981 -0.350994 21.534216 
21.089889 -1.842954 0.400337 -1.842954 20.258227 -0.041730 0.400337 -0.041730 20.087725 
20.958791 0.839961 -0.344233 0.839961 19.843486 -0.590027 -0.344233 -0.590027 18.809867 
18.897334 -0.817626 -0.231993 -0.817626 19.697922 -0.234551 -0.231993 -0.234551 19.025632 
22.303652 -0.301065 0.371409 -0.301065 19.257263 -0.813065 0.371409 -0.813065 18.519867 
19.021367 1.126862 0.134294 1.126862 21.403492 2.518862 0.134294 2.518862 20.894302 
16.673492 0.224836 -0.398419 0.224836 18.252981 0.533713 -0.398419 0.533713 17.339428 
17.146248 0.111457 -0.521673 0.111457 17.686143 1.345044 -0.521673 1.345044 21.316296 
17.864845 0.332191 0.878421 0.332191 17.751769 0.959796 0.878421 0.959796 17.697678 
17.403182 0.180214 1.309072 0.180214 16.439260 0.084797 1.309072 0.084797 19.498872 
18.095442 0.959851 -0.573798 0.959851 18.539207 -1.572145 -0.573798 -1.572145 18.382852 
20.397734 1.328835 0.540078 1.328835 24.167209 1.710740 0.540078 1.710740 20.223995 
20.468220 -0.010074 0.790664 -0.010074 20.038367 0.490113 0.790664 0.490113 20.235813 
23.903034 -0.839225 0.324364 -0.839225 24.364776 2.622119 0.324364 2.622119 20.666552 
18.852805 -1.892992 0.086165 -1.892992 17.131136 -0.177673 0.086165 -0.177673 16.931183 
24.278913 -0.811693 1.307227 -0.811693 24.882980 0.566032 1.307227 0.566032 19.915209 
21.888929 -3.819942 -0.284742 -3.819942 25.906828 0.921278 -0.284742 0.921278 18.948036 
17.832422 -0.740920 -0.089348 -0.740920 22.178343 0.037573 -0.089348 0.037573 18.261115 
21.933804 0.957030 1.259505 0.957030 17.627472 0.005459 1.259505 0.005459 17.761249 
17.220193 0.242881 -0.441003 0.242881 17.746390 -0.174660 -0.441003 -0.174660 15.851631 
17.774004 -0.609045 1.012820 -0.609045 17.298425 0.451233 1.012820 0.451233 18.285463 
17.434040 0.415980 -0.634116 0.415980 16.885531 -1.088731 -0.634116 -1.088731 18.210853 
17.377678 -0.267400 -0.003183 -0.267400 21.917599 -0.090138 -0.003183 -0.090138 17.214087 
25.459225 -3.897244 -0.702192 -3.897244 22.985661 0.839805 -0.702192 0.839805 19.050568 
19.484907 -0.155987 0.098915 -0.155987 17.060253 -0.055122 0.098915 -0.055122 18.837792 
16.524752 0.175825 0.385052 0.175825 16.377787 0.048384 0.385052 0.048384 18.928773 
18.227314 -0.482079 -0.728642 -0.482079 18.761790 0.795058 -0.728642 0.795058 21.027904 
18.347861 0.151995 1.333316 0.151995 18.240765 0.871816 1.333316 0.871816 21.373223 
25.850642 1.003620 1.114063 1.003620 22.015829 0.607409 1.114063 0.607409 19.052017 
25.811901 -3.221332 -1.073859 -3.221332 23.037288 0.169271 -1.073859 0.169271 19.070278 
19.835021 0.331218 0.231724 0.331218 18.932546 0.177336 0.231724 0.177336 17.078068 
20.231580 1.194522 -0.124506 1.194522 17.943856 0.371111 -0.124506 0.371111 18.716641 
19.076332 1.661569 0.644852 1.661569 23.467940 2.612335 0.644852 2.612335 19.331275 
22.444683 -3.567321 0.238950 -3.567321 22.579461 -0.709383 0.238950 -0.709383 19.872130 
15.843653 0.085526 -0.724001 0.085526 17.233754 -0.981894 -0.724001 -0.981894 17.943414 
19.192910 1.361176 0.678716 1.361176 20.263589 1.977770 0.678716 1.977770 18.168805 
20.014520 -1.178335 -0.193666 -1.178335 17.924115 -0.562426 -0.193666 -0.562426 20.690089 
17.719039 0.433582 0.019176 0.433582 17.826523 0.019358 0.019176 0.019358 17.251013 
22.646697 0.177376 0.675096 0.177376 18.335150 -0.636571 0.675096 -0.636571 18.067728 
20.938097 1.897798 -0.617372 1.897798 19.922321 -1.408700 -0.617372 -1.408700 17.371337 
32.824665 -0.748632 0.233867 -0.748632 20.071785 -0.471844 0.233867 -0.471844 19.914115 
22.045809 -0.032267 0.454068 -0.032267 21.283073 1.626888 0.454068 1.626888 22.074992 
22.893499 -0.078535 1.366640 -0.078535 17.937918 0.217515 1.366640 0.217515 17.921200 
19.355103 0.668495 1.026088 0.668495 18.203639 -0.034930 1.026088 -0.034930 17.809515 
26.072257 -3.312122 -0.929888 -3.312122 25.169064 2.974488 -0.929888 2.974488 23.315473 
22.608235 1.203648 -0.874398 1.203648 19.636934 0.053958 -0.874398 0.053958 16.781925 
27.659042 -0.844315 0.192762 -0.844315 21.048431 0.008324 0.192762 0.008324 19.291791 
31.012930 -4.192289 0.525755 -4.192289 23.468650 -0.488322 0.525755 -0.488322 21.119343 
18.327210 0.016056 0.200609 0.016056 18.259766 1.646660 0.200609 1.646660 20.969299 
20.808673 -0.380198 -3.239735 -0.380198 17.763157 0.432104 -3.239735 0.432104 21.748654 
17.728988 0.452917 0.536914 0.452917 17.663102 1.575464 0.536914 1.575464 19.479549 
19.707266 0.378404 -0.540569 0.378404 17.059975 0.832863 -0.540569 0.832863 18.137825 
19.062630 -0.520808 0.103226 -0.520808 21.665400 1.601096 0.103226 1.601096 25.015268 
24.137625 -1.948039 0.799186 -1.948039 18.502525 -0.477047 0.799186 -0.477047 18.287922 
23.320840 -2.433415 0.527288 -2.433415 20.176127 0.510505 0.527288 0.510505 17.769286 
22.789103 0.607269 0.432966 0.607269 18.771699 0.221054 0.432966 0.221054 19.119445 
20.598203 2.234834 1.170012 2.234834 20.695709 1.065217 1.170012 1.065217 18.639409 
19.566328 1.208609 -0.941788 1.208609 18.546342 -1.814343 -0.941788 -1.814343 20.924369 
21.851114 -0.341745 -0.593351 -0.341745 19.725626 -0.937214 -0.593351 -0.937214 18.640973 
19.532806 -1.454861 -1.542859 -1.454861 20.994352 2.958082 -1.542859 2.958082 20.815136 
18.347097 -3.275663 0.420864 -3.275663 24.471497 -0.232878 0.420864 -0.232878 19.057866 
18.422713 0.617073 1.431915 0.617073 18.473112 0.931133 1.431915 0.931133 20.670118 
21.439621 -1.040497 0.321743 -1.040497 26.710894 -0.009485 0.321743 -0.009485 19.419128 
20.544748 1.247093 0.948247 1.247093 21.453132 -1.140416 0.948247 -1.140416 19.514836 
21.184128 -3.226074 0.147797 -3.226074 22.635093 0.183410 0.147797 0.183410 18.509728 
25.660765 0.577819 3.225793 0.577819 19.872156 0.135571 3.225793 0.135571 19.630491 
19.634948 0.488930 0.488559 0.488930 25.667163 1.191601 0.488559 1.191601 18.140426 
23.533733 -5.442093 1.733872 -5.442093 27.558725 -1.482729 1.733872 -1.482729 20.206525 
19.074071 -0.698916 -0.246285 -0.698916 21.790859 -2.494229 -0.246285 -2.494229 21.230586 
21.804203 -1.983129 0.450269 -1.983129 24.728494 -0.839109 0.450269 -0.839109 18.824302 
21.077214 2.400571 -0.137330 2.400571 21.572452 -0.028508 -0.137330 -0.028508 17.618194 
17.516719 0.436861 0.779499 0.436861 18.057730 0.452179 0.779499 0.452179 18.537719 
17.051858 0.354119 0.763518 0.354119 17.192108 0.479081 0.763518 0.479081 21.122065 
25.002481 1.955772 -3.049360 1.955772 24.329250 -3.115901 -3.049360 -3.115901 23.151008 
16.914095 0.127777 0.024375 0.127777 18.411052 -0.362482 0.024375 -0.362482 16.525254 
17.229118 -0.015694 0.133533 -0.015694 17.678022 0.687259 0.133533 0.687259 21.542717 
22.063448 -3.426066 -0.498637 -3.426066 20.030582 0.269066 -0.498637 0.269066 17.903372 
17.268517 0.211899 -0.169098 0.211899 17.008197 -0.539081 -0.169098 -0.539081 17.816249 
20.989201 -1.336590 -2.683695 -1.336590 18.897661 1.085506 -2.683695 1.085506 21.691488 
22.409404 0.403338 1.467826 0.403338 23.639489 2.366722 1.467826 2.366722 22.773138 
16.982418 0.802825 0.056969 0.802825 17.825756 0.353707 0.056969 0.353707 16.370798 
22.297804 1.089492 -0.009895 1.089492 17.699763 -0.013619 -0.009895 -0.013619 17.393270 
20.103416 -0.639307 0.578143 -0.639307 22.122822 0.309171 0.578143 0.309171 18.134395 
21.130005 -0.850139 0.512117 -0.850139 25.720957 1.610511 0.512117 1.610511 19.650153 
17.815133 0.353860 0.942294 0.353860 19.040935 -0.849766 0.942294 -0.849766 20.624659 
18.826310 -0.674449 1.078261 -0.674449 17.773893 0.003065 1.078261 0.003065 19.209530 
18.864895 -0.917211 0.754008 -0.917211 26.048974 0.857451 0.754008 0.857451 19.096243 
23.273525 -2.297188 -0.476547 -2.297188 24.692141 -0.961898 -0.476547 -0.961898 19.763695 
20.077486 -1.336180 -0.164096 -1.336180 22.413599 -0.452503 -0.164096 -0.452503 18.612835 
19.452269 -0.076987 -0.225593 -0.076987 18.134215 -1.048953 -0.225593 -1.048953 19.884371 
20.081926 -0.022322 -0.216216 -0.022322 24.166464 -0.548646 -0.216216 -0.548646 18.131626 
26.112461 1.557606 -1.512732 1.557606 19.589072 0.418960 -1.512732 0.418960 21.169384 
18.656901 -1.265518 1.119370 -1.265518 16.708668 -0.377603 1.119370 -0.377603 16.692006 
20.310642 -0.338846 1.649938 -0.338846 20.481247 0.408383 1.649938 0.408383 21.846481 
15.919029 -0.438267 0.384515 -0.438267 17.175831 -1.406617 0.384515 -1.406617 19.970090 
20.459715 0.018645 -0.942738 0.018645 19.823804 -0.593295 -0.942738 -0.593295 20.376643 
17.765435 -2.031134 0.367495 -2.031134 26.021567 0.628767 0.367495 0.628767 17.756545 
22.146903 0.312525 -0.173103 0.312525 18.749716 -0.786180 -0.173103 -0.786180 18.095402 
22.877891 2.372975 2.451053 2.372975 24.715341 0.526771 2.451053 0.526771 21.183853 
30.249127 4.868001 -3.405412 4.868001 22.791555 -2.623182 -3.405412 -2.623182 21.317229 
22.928011 1.280856 -0.130019 1.280856 19.709399 0.952501 -0.130019 0.952501 18.999876 
16.469222 -0.455411 -0.154920 -0.455411 20.903989 -0.468350 -0.154920 -0.468350 16.281626 
20.784989 -0.482791 0.037129 -0.482791 19.975399 0.344878 0.037129 0.344878 19.818547 
18.694134 0.634230 -0.112027 0.634230 18.711337 -0.140589 -0.112027 -0.140589 16.965076 
20.862847 1.322938 -1.148982 1.322938 34.356126 -0.853402 -1.148982 -0.853402 21.344840 
17.184868 -1.256749 -0.514230 -1.256749 21.235239 -0.130314 -0.514230 -0.130314 17.979061 
25.242921 -2.033868 -0.382607 -2.033868 19.773403 0.904108 -0.382607 0.904108 19.856917 
26.878399 0.741838 2.239928 0.741838 21.440355 1.509190 2.239928 1.509190 20.870952 
18.510059 0.298707 -0.783483 0.298707 18.448110 -1.315317 -0.783483 -1.315317 18.584406 
22.052188 -0.094545 -0.705522 -0.094545 18.365880 -0.190774 -0.705522 -0.190774 19.328775 
22.609583 2.019287 1.737898 2.019287 21.436028 0.925277 1.737898 0.925277 19.284222 
23.015593 -0.153712 0.732361 -0.153712 19.633536 -0.792707 0.732361 -0.792707 20.209804 
19.642920 0.096182 0.766102 0.096182 19.662192 0.653901 0.766102 0.653901 18.494366 
20.553153 0.449436 -1.906318 0.449436 19.563638 -0.998607 -1.906318 -0.998607 21.509484 
17.010413 0.290899 0.655531 0.290899 17.816715 1.129204 0.655531 1.129204 19.390543 
17.421328 -0.411208 -0.189901 -0.411208 19.056034 0.657939 -0.189901 0.657939 17.154475 
18.246347 0.377020 0.898686 0.377020 19.887514 0.996028 0.898686 0.996028 19.450654 
18.671768 1.060787 -0.731555 1.060787 17.637067 -0.560250 -0.731555 -0.560250 17.238946 
21.047826 -0.725829 1.671895 -0.725829 18.465264 -0.015793 1.671895 -0.015793 19.920422 
21.381112 1.658033 -0.698386 1.658033 23.303919 -1.042606 -0.698386 -1.042606 19.119689 
21.147373 -0.735054 0.703991 -0.735054 19.548871 0.201059 0.703991 0.201059 18.159785 
21.390691 -1.511568 1.006644 -1.511568 25.365298 2.448642 1.006644 2.448642 22.291876 
19.051098 -0.005086 -1.023726 -0.005086 26.193006 1.830562 -1.023726 1.830562 23.005144 
17.011629 -0.116964 -0.304695 -0.116964 18.932332 -1.065618 -0.304695 -1.065618 21.641552 
26.665040 0.089576 -1.272089 0.089576 22.222707 -1.249386 -1.272089 -1.249386 20.003766 
19.474562 2.174218 -0.810531 2.174218 19.420578 -1.148403 -0.810531 -1.148403 19.885630 
19.816025 0.258674 -0.952822 0.258674 19.964388 -2.686682 -0.952822 -2.686682 23.544012 
20.010512 -1.003547 -0.548544 -1.003547 21.611049 -1.378269 -0.548544 -1.378269 20.072138 
22.085346 -1.609897 0.660941 -1.609897 20.076558 -0.613439 0.660941 -0.613439 19.102797 
21.360799 -0.023236 -0.577825 -0.023236 19.376766 -2.282236 -0.577825 -2.282236 23.221986 
22.026277 0.713692 -0.745123 0.713692 18.513034 0.557550 -0.745123 0.557550 19.087560 
17.439100 -0.024974 -0.171797 -0.024974 17.028725 -0.537698 -0.171797 -0.537698 19.490159 
23.692650 -2.350836 0.258463 -2.350836 20.539525 -0.286097 0.258463 -0.286097 18.603804 
21.572230 -0.325273 -0.083396 -0.325273 18.164132 0.389902 -0.083396 0.389902 18.139394 
17.953514 1.298421 -0.249331 1.298421 23.339359 -0.205998 -0.249331 -0.205998 17.032315 
22.575459 0.081961 -2.154766 0.081961 17.807349 -0.123472 -2.154766 -0.123472 20.150051 
17.386509 -0.169077 -0.517240 -0.169077 16.973135 -0.149621 -0.517240 -0.149621 18.468399 
16.658057 0.176596 0.232739 0.176596 17.078429 -0.358798 0.232739 -0.358798 20.850699 
20.504016 0.117184 -2.143199 0.117184 21.054700 0.765126 -2.143199 0.765126 27.104020 
25.828119 -1.709588 -1.087015 -1.709588 18.621164 0.718823 -1.087015 0.718823 19.762732 
25.147882 1.146985 -0.110231 1.146985 18.621511 0.348998 -0.110231 0.348998 17.940629 
26.469131 1.207236 0.295166 1.207236 18.745632 0.054756 0.295166 0.054756 18.055701 
18.200631 0.153476 0.055273 0.153476 18.350033 1.655759 0.055273 1.655759 19.293550 
22.266230 -0.435744 0.733026 -0.435744 21.031125 0.400365 0.733026 0.400365 21.266584 
20.425162 -2.613293 -0.253688 -2.613293 19.804172 0.339566 -0.253688 0.339566 17.936206 
24.913621 1.884222 0.646083 1.884222 23.459613 0.764063 0.646083 0.764063 19.216508 
22.779215 1.324153 -0.150758 1.324153 19.704647 -0.623209 -0.150758 -0.623209 19.011875 
19.704746 1.283979 -0.110771 1.283979 18.562191 0.484171 -0.110771 0.484171 19.143033 
18.130445 0.831613 0.121062 0.831613 17.266764 0.116393 0.121062 0.116393 16.715863 
22.898035 -0.000384 -0.856896 -0.000384 21.706106 -0.993004 -0.856896 -0.993004 21.681001 
19.393683 0.144208 -0.204826 0.144208 20.817930 -0.705987 -0.204826 -0.705987 18.836361 
22.253180 0.040232 -2.513654 0.040232 19.043039 -0.113751 -2.513654 -0.113751 19.899988 
18.760283 0.212160 -0.949094 0.212160 19.639141 -1.246534 -0.949094 -1.246534 22.240719 
17.881901 -1.647850 0.641731 -1.647850 21.156182 -1.923672 0.641731 -1.923672 18.685491 
20.169924 -2.764213 -1.363496 -2.764213 21.857574 1.254618 -1.363496 1.254618 18.880437 
19.673147 -0.104627 0.282587 -0.104627 17.975728 -0.461185 0.282587 -0.461185 21.767346 
19.387488 -2.488781 -0.952149 -2.488781 22.130863 1.568451 -0.952149 1.568451 18.691186 
18.759587 0.124235 -1.013545 0.124235 18.829305 -0.860778 -1.013545 -0.860778 19.053085 
18.650885 -0.713292 0.583165 -0.713292 18.134064 -0.136029 0.583165 -0.136029 17.886771 
26.752333 -3.702622 -0.298826 -3.702622 23.277946 0.414751 -0.298826 0.414751 18.983814 
17.553773 -0.973683 0.144960 -0.973683 16.809941 -0.135916 0.144960 -0.135916 16.429714 
19.300125 0.756012 0.006000 0.756012 18.991803 0.130561 0.006000 0.130561 17.010102 
25.247723 -0.102855 1.363777 -0.102855 19.534700 0.229913 1.363777 0.229913 20.593974 
22.612018 -1.109431 -0.540198 -1.109431 20.123440 0.953197 -0.540198 0.953197 23.727308 
16.744107 0.355677 0.647944 0.355677 19.043052 0.878542 0.647944 0.878542 18.677313 
18.870378 -1.145119 0.717726 -1.145119 19.306017 -0.616717 0.717726 -0.616717 17.763919 
23.179356 -1.024872 0.733674 -1.024872 26.240322 -0.151148 0.733674 -0.151148 19.222742 
21.008037 0.095345 -0.080535 0.095345 17.286823 -0.073295 -0.080535 -0.073295 16.990272 
23.121458 0.160632 -2.231617 0.160632 21.303716 -1.050454 -2.231617 -1.050454 27.475372 
20.023027 -0.118704 0.069413 -0.118704 19.060355 -0.308442 0.069413 -0.308442 24.469832 
18.567159 -0.469323 0.419096 -0.469323 18.697313 0.385981 0.419096 0.385981 19.531365 
22.691411 -1.084558 1.249215 -1.084558 18.851586 -0.589217 1.249215 -0.589217 18.578583 
19.169935 -0.276510 0.681029 -0.276510 17.089519 -0.540645 0.681029 -0.540645 18.120636 
18.155677 0.378390 -0.896753 0.378390 20.730649 -3.669718 -0.896753 -3.669718 23.654983 
20.487587 -1.913460 0.326448 -1.913460 22.102115 -0.439655 0.326448 -0.439655 18.784728 
20.926135 0.058539 -1.111684 0.058539 20.018828 -0.865213 -1.111684 -0.865213 21.344638 
20.474012 -0.794736 0.334919 -0.794736 17.321893 0.196029 0.334919 0.196029 17.582322 
19.118986 -1.133588 0.728476 -1.133588 18.978088 0.607138 0.728476 0.607138 19.713515 
19.987783 -0.257725 -0.288123 -0.257725 23.522142 -3.775740 -0.288123 -3.775740 23.062422 
21.688817 -1.547797 0.268757 -1.547797 20.605535 -1.516037 0.268757 -1.516037 19.067209 
20.831065 -0.159373 -1.216319 -0.159373 17.531371 0.668517 -1.216319 0.668517 19.507663 
21.200268 2.693077 -0.692883 2.693077 20.424811 -0.632838 -0.692883 -0.632838 18.579274 
20.409772 0.048817 0.849080 0.048817 18.740304 0.360923 0.849080 0.360923 18.220449 
20.945451 1.930041 0.161850 1.930041 21.756672 -0.165137 0.161850 -0.165137 22.552851 
18.398960 0.164141 1.422204 0.164141 19.321003 -0.243080 1.422204 -0.243080 21.279848 
17.818547 0.217944 -1.012333 0.217944 18.244501 0.200579 -1.012333 0.200579 23.041611 
21.632484 -2.850927 -0.085658 -2.850927 25.908639 -1.335165 -0.085658 -1.335165 20.109748 
33.393193 -2.651756 0.321014 -2.651756 25.874334 -0.220294 0.321014 -0.220294 20.264265 
19.480265 -0.955383 -0.475903 -0.955383 19.509953 2.167046 -0.475903 2.167046 19.978029 
19.840447 -0.554425 -0.387152 -0.554425 19.483679 -1.562625 -0.387152 -1.562625 21.944688 
17.835250 0.033272 0.068465 0.033272 18.740300 0.528314 0.068465 0.528314 17.557519 
22.946342 -1.037565 -1.420969 -1.037565 20.036323 -0.324303 -1.420969 -0.324303 20.145842 
17.653002 -0.243833 0.968923 -0.243833 15.389885 -0.084066 0.968923 -0.084066 16.278371 
20.199637 -3.163756 0.413726 -3.163756 23.997360 -1.258676 0.413726 -1.258676 17.148975 
21.639163 -3.371444 -0.674077 -3.371444 23.969872 0.622321 -0.674077 0.622321 20.495043 
17.189143 -0.090779 -1.036975 -0.090779 16.775299 0.554425 -1.036975 0.554425 19.040987 
21.193845 -0.411708 -0.336643 -0.411708 19.373705 -0.206054 -0.336643 -0.206054 18.735465 
21.777383 1.287976 -0.557570 1.287976 20.358761 0.194619 -0.557570 0.194619 18.723970 
16.763202 0.584298 1.394464 0.584298 19.076609 1.299429 1.394464 1.299429 19.414191 
17.727186 -1.250498 -0.072506 -1.250498 25.584611 0.636436 -0.072506 0.636436 19.429949 
22.660209 0.783770 1.541907 0.783770 21.996954 2.073771 1.541907 2.073771 21.195157 
20.681764 -1.737005 -0.640893 -1.737005 22.349164 1.761055 -0.640893 1.761055 19.979372 
18.323844 0.624374 0.755221 0.624374 18.337985 0.578050 0.755221 0.578050 17.605514 
17.648724 -0.297331 -0.050516 -0.297331 17.274178 -0.493394 -0.050516 -0.493394 20.470163 
18.007884 0.802278 -0.039298 0.802278 20.649563 -0.717367 -0.039298 -0.717367 17.469735 
20.218448 -1.111049 0.736244 -1.111049 17.875057 -0.163680 0.736244 -0.163680 16.750721 
23.621874 -2.830716 0.416851 -2.830716 23.836315 0.324782 0.416851 0.324782 18.956965 
17.375660 -0.690571 -0.758967 -0.690571 18.781218 0.587469 -0.758967 0.587469 17.442135 
20.140052 0.023462 -0.068018 0.023462 21.499228 -3.373940 -0.068018 -3.373940 23.886406 
22.091920 -2.088264 1.644332 -2.088264 22.324114 -0.377606 1.644332 -0.377606 18.409841 
22.394331 2.181986 -1.697743 2.181986 19.979069 -0.761420 -1.697743 -0.761420 18.506121 
18.732552 -0.480971 1.618988 -0.480971 18.448916 -0.857869 1.618988 -0.857869 18.661866 
26.265746 2.115353 0.674190 2.115353 20.439720 0.126381 0.674190 0.126381 18.499995 
20.476290 -1.882971 0.754208 -1.882971 18.939357 -0.446997 0.754208 -0.446997 17.590569 
18.894574 -0.498385 -1.525840 -0.498385 22.814863 -1.189330 -1.525840 -1.189330 23.585649 
22.883193 -4.544830 0.887783 -4.544830 24.548817 -1.804473 0.887783 -1.804473 20.350750 
19.131803 -1.485555 -0.310911 -1.485555 23.213533 0.757936 -0.310911 0.757936 18.766869 
22.583884 -0.822690 0.751568 -0.822690 18.057933 -0.415061 0.751568 -0.415061 17.883511 
26.801701 -2.335644 2.116783 -2.335644 19.958439 -0.291269 2.116783 -0.291269 19.865519 
19.438161 -0.707672 0.450375 -0.707672 21.115420 -1.182403 0.450375 -1.182403 20.039176 
21.965315 0.816788 0.499935 0.816788 18.955350 0.817552 0.499935 0.817552 19.175849 
18.382908 0.784029 -0.214301 0.784029 20.227648 0.217544 -0.214301 0.217544 19.462967 
18.194372 0.296178 -0.237339 0.296178 19.169769 -0.013013 -0.237339 -0.013013 18.377377 
20.232758 -2.136834 0.771760 -2.136834 20.589669 -1.150531 0.771760 -1.150531 20.149119 
20.693707 -0.243303 -0.021188 -0.243303 17.648065 0.104588 -0.021188 0.104588 17.198288 
18.996443 0.112115 -1.322406 0.112115 17.423317 -0.863682 -1.322406 -0.863682 17.330199 
19.380187 -0.819823 -0.765677 -0.819823 19.486590 -0.526818 -0.765677 -0.526818 17.733089 
18.546628 0.447607 0.675498 0.447607 19.273955 0.166665 0.675498 0.166665 18.522463 
19.163120 -0.267179 0.620100 -0.267179 19.371162 0.256185 0.620100 0.256185 20.293415 
19.833361 -0.104647 1.375994 -0.104647 19.976959 0.863573 1.375994 0.863573 25.892259 
18.777604 -1.968216 -0.685628 -1.968216 23.928136 1.455648 -0.685628 1.455648 20.212334 
29.827748 4.562627 0.939084 4.562627 23.710731 0.069857 0.939084 0.069857 21.960148 
23.225579 -3.651125 2.405548 -3.651125 23.644002 -2.357378 2.405548 -2.357378 23.340684 
20.352365 0.806375 1.125855 0.806375 19.381534 0.816378 1.125855 0.816378 19.263731 
29.722702 -0.248694 2.447251 -0.248694 19.651429 -0.324426 2.447251 -0.324426 19.825769 
23.083913 -1.414272 0.275179 -1.414272 19.088480 0.004793 0.275179 0.004793 18.028483 
21.831158 -0.961891 1.396641 -0.961891 19.770533 0.021076 1.396641 0.021076 19.943721 
19.199801 0.508423 0.811514 0.508423 17.110803 0.439713 0.811514 0.439713 17.308912 
18.376860 -0.528249 0.406514 -0.528249 20.276738 0.806054 0.406514 0.806054 19.919904 
17.664169 -0.108466 -0.608618 -0.108466 19.793491 -2.215894 -0.608618 -2.215894 18.749299 
21.833502 0.640963 -2.780254 0.640963 18.549984 -0.473922 -2.780254 -0.473922 21.133371 
28.219614 2.222318 1.235884 2.222318 22.051565 1.965364 1.235884 1.965364 20.563444 
21.058453 2.651473 1.947179 2.651473 21.470334 1.922401 1.947179 1.922401 19.552618 
22.072755 1.850943 -0.717260 1.850943 18.267745 -0.107247 -0.717260 -0.107247 18.568377 
18.629174 -1.584177 -0.183597 -1.584177 24.909123 0.874212 -0.183597 0.874212 17.891453 
21.374115 0.753653 0.520068 0.753653 25.584403 1.304499 0.520068 1.304499 20.762992 
18.728068 -1.795865 0.571738 -1.795865 17.965537 -0.168263 0.571738 -0.168263 16.378728 
24.409787 0.052186 0.531854 0.052186 18.408303 0.087493 0.531854 0.087493 18.120810 
19.760798 1.047172 1.139626 1.047172 18.202731 1.289589 1.139626 1.289589 19.706816 
16.453516 -0.196007 0.085498 -0.196007 17.051225 0.617136 0.085498 0.617136 18.664103 
19.949713 -0.782571 -1.147199 -0.782571 19.146341 0.171365 -1.147199 0.171365 22.515458 
19.021682 0.173408 0.774128 0.173408 18.797970 1.491685 0.774128 1.491685 21.955536 
24.688023 0.546219 -0.450930 0.546219 23.604514 -0.539221 -0.450930 -0.539221 22.169411 
17.044491 -0.006877 -0.189641 -0.006877 19.791032 1.160097 -0.189641 1.160097 18.831227 
25.094711 -1.737531 1.068333 -1.737531 21.064052 1.052421 1.068333 1.052421 19.842300 
24.535298 -1.997527 -0.906782 -1.997527 21.020652 0.320036 -0.906782 0.320036 19.652294 
17.483072 -0.147074 0.568879 -0.147074 18.552863 -0.628001 0.568879 -0.628001 22.156654 
18.194468 -0.038972 -0.611721 -0.038972 17.997795 -0.113839 -0.611721 -0.113839 19.433721 
17.521474 0.402092 -0.051192 0.402092 23.231776 -0.217875 -0.051192 -0.217875 17.143085 
24.753550 -1.734792 -1.073848 -1.734792 24.831052 -0.961489 -1.073848 -0.961489 20.646911 
20.522144 0.432784 -1.895080 0.432784 17.571252 -0.283670 -1.895080 -0.283670 18.319359 
18.548790 0.558376 0.653272 0.558376 16.614987 0.887480 0.653272 0.887480 18.175163 
20.592064 -0.238679 1.096900 -0.238679 23.980890 0.925446 1.096900 0.925446 21.498037 
18.270676 0.272714 -1.031964 0.272714 16.404959 -0.188709 -1.031964 -0.188709 17.266113 
22.222147 -3.834356 -1.386187 -3.834356 26.416683 2.775175 -1.386187 2.775175 21.268874 
21.059488 0.368164 -0.950844 0.368164 18.089218 -0.292018 -0.950844 -0.292018 17.485105 
22.523364 -2.558451 2.031494 -2.558451 21.822032 -2.133409 2.031494 -2.133409 20.897288 
18.421914 1.579323 -0.507574 1.579323 18.252774 -0.244114 -0.507574 -0.244114 17.285116 
17.812819 1.700193 -0.256740 1.700193 20.994419 -0.757472 -0.256740 -0.757472 16.971695 
18.698084 -2.080937 -0.021488 -2.080937 23.451079 -1.136937 -0.021488 -1.136937 18.716332 
21.266869 3.073951 2.567982 3.073951 24.034089 1.723606 2.567982 1.723606 20.538833 
19.191429 2.928023 -1.027739 2.928023 24.539725 -2.087083 -1.027739 -2.087083 17.860042 
21.344925 3.074045 1.557698 3.074045 20.935056 1.439625 1.557698 1.439625 18.849707 
17.712814 0.082669 0.109085 0.082669 17.741851 1.567414 0.109085 1.567414 18.399697 
19.172775 -0.475545 0.667021 -0.475545 17.918621 -0.002191 0.667021 -0.002191 19.547770 
19.137988 -0.523470 0.475313 -0.523470 18.284387 0.034547 0.475313 0.034547 17.630847 
26.573966 0.427812 -1.478346 0.427812 21.552458 -0.748177 -1.478346 -0.748177 20.824305 
19.293683 0.670368 -0.245212 0.670368 18.358529 -0.880212 -0.245212 -0.880212 18.927474 
19.003104 -1.374841 0.489952 -1.374841 18.696740 -0.257482 0.489952 -0.257482 18.198959 
19.714503 0.674554 2.319451 0.674554 22.607828 0.871198 2.319451 0.871198 22.221792 
22.035524 -0.656309 0.221756 -0.656309 18.022712 -0.569911 0.221756 -0.569911 18.019683 
27.709659 2.144491 -2.304056 2.144491 24.745783 -1.391361 -2.304056 -1.391361 21.497623 
20.921578 0.102523 -1.068027 0.102523 19.659242 -0.205372 -1.068027 -0.205372 23.169608 
21.462929 0.740178 -0.449781 0.740178 17.074304 -0.257687 -0.449781 -0.257687 17.238136 
17.743302 -0.119445 -0.275313 -0.119445 17.595858 -0.772691 -0.275313 -0.772691 19.063537 
19.103332 0.215102 0.115581 0.215102 18.979196 0.222193 0.115581 0.222193 18.634666 
20.474260 0.145686 -1.412693 0.145686 20.999141 -0.047703 -1.412693 -0.047703 21.786545 
21.999784 0.819222 0.684337 0.819222 18.050526 0.100211 0.684337 0.100211 17.859333 
25.665994 -1.413594 0.221343 -1.413594 25.352823 -1.036181 0.221343 -1.036181 19.305878 
20.841931 -0.744936 -1.903050 -0.744936 22.214488 1.202408 -1.903050 1.202408 23.968395 
20.737848 -1.162123 1.557478 -1.162123 20.546252 -1.277046 1.557478 -1.277046 18.977032 
22.330430 -0.301751 -0.151045 -0.301751 21.225685 -0.306991 -0.151045 -0.306991 18.209408 
21.266686 -0.344450 0.504230 -0.344450 22.395122 0.938029 0.504230 0.938029 19.397121 
16.935005 -0.089391 -0.941878 -0.089391 18.443743 -1.183546 -0.941878 -1.183546 21.053881 
18.648644 -0.231660 -0.315084 -0.231660 21.037618 0.114799 -0.315084 0.114799 17.139403 
19.336613 -0.535082 0.279669 -0.535082 18.848266 0.247017 0.279669 0.247017 17.534898 
15.935224 -0.125339 -0.556307 -0.125339 17.009875 -0.668891 -0.556307 -0.668891 17.347929 
20.960055 -2.452695 1.089810 -2.452695 26.437452 -1.286436 1.089810 -1.286436 19.667834 
21.035319 0.949702 0.776082 0.949702 20.167287 -0.636167 0.776082 -0.636167 22.996478 
19.706658 0.181226 -0.838184 0.181226 20.857501 -1.625582 -0.838184 -1.625582 19.883193 
17.888657 -0.258672 0.216958 -0.258672 17.600284 0.268603 0.216958 0.268603 19.020605 
19.111604 0.031782 0.724963 0.031782 20.445991 0.773281 0.724963 0.773281 19.785524 
17.515645 -0.420763 -0.433926 -0.420763 18.182101 0.451623 -0.433926 0.451623 18.778677 
21.560158 -1.312586 -0.334530 -1.312586 23.433496 -0.298459 -0.334530 -0.298459 19.527534 
24.682661 2.405015 2.351254 2.405015 31.251613 2.251755 2.351254 2.251755 21.940174 
24.641836 3.349972 0.898380 3.349972 26.518117 0.447707 0.898380 0.447707 19.452263 
26.382737 0.852708 -0.262939 0.852708 22.950622 -0.063481 -0.262939 -0.063481 20.274239 
21.753766 -1.382597 0.659491 -1.382597 25.148087 -0.306938 0.659491 -0.306938 20.146999 
18.353570 0.545757 0.882647 0.545757 24.678396 2.271044 0.882647 2.271044 19.468193 
18.266870 0.589585 0.397561 0.589585 19.145592 0.307844 0.397561 0.307844 18.074230 
25.384508 0.525317 0.773892 0.525317 19.595716 1.460409 0.773892 1.460409 19.752281 
18.974313 -0.471820 -0.294618 -0.471820 22.542667 0.752864 -0.294618 0.752864 18.191760 
19.919409 -0.119740 0.160383 -0.119740 17.573834 0.206835 0.160383 0.206835 17.159440 
21.107694 -0.085115 -1.417989 -0.085115 20.784962 0.701736 -1.417989 0.701736 21.503941 
21.775191 -1.571274 0.681323 -1.571274 20.214588 -1.321552 0.681323 -1.321552 20.912550 
18.065987 -0.083305 -0.184661 -0.083305 21.978377 1.185930 -0.184661 1.185930 17.504486 
19.994190 0.595376 -0.634246 0.595376 21.328534 1.255431 -0.634246 1.255431 19.158529 
16.276010 -0.424617 0.316496 -0.424617 22.278619 -0.333998 0.316496 -0.333998 17.102708 
26.421633 1.374825 1.416431 1.374825 21.531701 1.521682 1.416431 1.521682 20.111975 
21.869822 -1.880648 1.998754 -1.880648 22.659618 0.443564 1.998754 0.443564 21.363108 
20.359873 1.066251 0.836263 1.066251 18.578001 0.736971 0.836263 0.736971 17.750430 
24.113699 -1.410111 1.081331 -1.410111 24.195090 1.159493 1.081331 1.159493 19.710122 
27.239213 -0.458561 -2.821533 -0.458561 19.505864 -0.294711 -2.821533 -0.294711 19.956735 
21.199774 -2.387281 0.298282 -2.387281 26.757745 -1.765674 0.298282 -1.765674 19.529488 
26.251185 -3.791966 0.666340 -3.791966 22.058076 -0.308217 0.666340 -0.308217 18.988090 
17.806412 -0.216452 -0.155495 -0.216452 16.351648 -0.177534 -0.155495 -0.177534 18.219444 
17.641564 0.361964 0.695654 0.361964 17.102505 0.628538 0.695654 0.628538 18.471585 
19.546182 -1.806891 -0.149168 -1.806891 23.852861 -0.395042 -0.149168 -0.395042 18.278889 
21.574025 -0.669428 -1.042643 -0.669428 20.592360 0.028306 -1.042643 0.028306 18.898427 
20.373722 1.172258 -0.889091 1.172258 19.043428 -0.644378 -0.889091 -0.644378 16.739083 
25.194955 -1.131343 -0.085859 -1.131343 19.074414 0.632432 -0.085859 0.632432 20.582120 
19.937488 -0.666020 -1.044446 -0.666020 19.170881 0.851501 -1.044446 0.851501 19.750035 
25.260657 -0.376828 2.902054 -0.376828 23.006566 2.418245 2.902054 2.418245 26.649191 
23.181137 -0.650313 -0.079006 -0.650313 21.327282 0.458787 -0.079006 0.458787 19.826049 
20.133403 -1.002426 -0.318480 -1.002426 20.507577 -0.472372 -0.318480 -0.472372 19.855050 
25.030839 -1.070628 1.103861 -1.070628 23.108424 1.001064 1.103861 1.001064 19.266985 
24.947334 1.423598 -1.115062 1.423598 18.984374 -0.431663 -1.115062 -0.431663 18.293454 
24.526859 3.772782 -1.002390 3.772782 21.375815 -0.741876 -1.002390 -0.741876 18.796586 
28.334391 0.203596 -0.725630 0.203596 21.560966 -0.558533 -0.725630 -0.558533 19.554222 
16.496314 -0.548265 -0.036470 -0.548265 19.032581 1.092472 -0.036470 1.092472 17.137419 
22.541006 -1.410420 -1.032969 -1.410420 20.394070 0.764938 -1.032969 0.764938 23.277543 
19.949210 0.693030 1.235943 0.693030 19.957038 0.721367 1.235943 0.721367 18.349932 
22.119826 -2.438759 -0.735378 -2.438759 23.597687 -0.062964 -0.735378 -0.062964 21.638072 
24.321604 0.052064 2.557594 0.052064 19.484399 0.760215 2.557594 0.760215 21.106305 
24.744753 -4.204588 -0.542859 -4.204588 23.056647 0.199497 -0.542859 0.199497 19.812755 
21.687186 1.496180 -0.500474 1.496180 22.872622 -1.494342 -0.500474 -1.494342 18.773313 
19.988251 -0.398983 0.058461 -0.398983 19.499880 0.321133 0.058461 0.321133 21.241454 
20.740231 -0.345607 0.209665 -0.345607 21.848706 -2.458560 0.209665 -2.458560 22.339772 
28.496236 -2.096279 0.140085 -2.096279 20.332836 -0.275212 0.140085 -0.275212 19.836445 
22.384269 -1.578160 1.233172 -1.578160 21.067636 -0.004586 1.233172 -0.004586 20.180813 
26.835985 0.928253 0.354669 0.928253 22.332221 -0.186882 0.354669 -0.186882 22.143749 
28.619726 2.189863 3.949269 2.189863 23.758984 3.588418 3.949269 3.588418 24.328252 
23.692730 1.380084 3.025233 1.380084 18.763046 0.726234 3.025233 0.726234 19.944438 
24.488375 -2.548394 -0.298965 -2.548394 24.757491 -0.121173 -0.298965 -0.121173 22.116287 
17.492348 -1.189416 0.084591 -1.189416 23.815284 -0.194013 0.084591 -0.194013 17.504681 
28.529065 0.418521 0.728224 0.418521 20.771335 -0.076269 0.728224 -0.076269 18.776139 
23.390631 0.520127 0.397235 0.520127 19.392249 0.878169 0.397235 0.878169 20.844734 
21.033069 0.544580 -0.077186 0.544580 20.794290 0.550965 -0.077186 0.550965 19.791453 
19.949965 0.885131 0.771081 0.885131 20.020747 1.003335 0.771081 1.003335 20.555963 
19.387384 2.901657 -0.713222 2.901657 23.256554 -1.792703 -0.713222 -1.792703 19.376875 
19.255673 -0.784529 0.122863 -0.784529 18.188393 -0.456022 0.122863 -0.456022 21.703614 
19.886765 -1.597129 -0.440836 -1.597129 23.402656 1.192229 -0.440836 1.192229 20.279044 
18.934808 -0.098770 -1.307048 -0.098770 19.493568 0.096410 -1.307048 0.096410 21.991531 
19.370167 -0.710169 0.113923 -0.710169 19.491595 -1.212824 0.113923 -1.212824 21.218676 
17.715126 -0.317401 1.059415 -0.317401 19.720656 -0.463203 1.059415 -0.463203 18.937565 
25.394404 -1.352711 0.083879 -1.352711 16.954751 0.403509 0.083879 0.403509 18.289216 
20.631003 -2.855377 0.000147 -2.855377 21.544915 -0.121595 0.000147 -0.121595 17.711283 
22.713678 0.388805 1.591723 0.388805 22.544906 1.915629 1.591723 1.915629 29.332650 
18.813491 -0.042417 0.153680 -0.042417 19.872768 -1.903286 0.153680 -1.903286 21.980054 
20.440119 -2.114745 -1.231588 -2.114745 22.727478 0.364418 -1.231588 0.364418 20.836263 
20.125310 -0.242114 0.053922 -0.242114 18.738586 0.425407 0.053922 0.425407 20.102568 
19.575667 -1.925294 -0.531909 -1.925294 18.711439 0.611279 -0.531909 0.611279 17.657741 
19.001033 -0.230803 -0.975374 -0.230803 23.338799 -1.172035 -0.975374 -1.172035 19.761581 
21.780714 0.896693 -1.466723 0.896693 21.504404 0.024960 -1.466723 0.024960 24.187543 
23.474183 -2.130594 2.157222 -2.130594 23.158438 0.534820 2.157222 0.534820 25.421428 
18.386424 -1.676635 1.456097 -1.676635 19.427969 -1.238739 1.456097 -1.238739 19.673649 
20.860887 -1.856356 1.245337 -1.856356 17.900543 -0.731831 1.245337 -0.731831 17.916222 
21.946308 -0.669281 -1.135147 -0.669281 22.583887 -0.246919 -1.135147 -0.246919 19.179515 
17.275653 -0.443441 0.079847 -0.443441 20.385755 -0.020553 0.079847 -0.020553 17.298317 
22.212915 0.388817 0.113705 0.388817 24.009047 1.814621 0.113705 1.814621 19.652768 
21.873054 -2.089252 -0.955058 -2.089252 22.028276 0.918797 -0.955058 0.918797 24.713265 
16.688214 1.083619 0.363548 1.083619 21.395588 0.353787 0.363548 0.353787 17.910392 
25.915041 -0.094147 -1.644374 -0.094147 23.113160 -1.073654 -1.644374 -1.073654 21.018147 
18.986162 0.662394 0.570381 0.662394 19.902578 0.101460 0.570381 0.101460 17.364638 
26.869703 -0.293814 -1.454880 -0.293814 18.335021 0.366941 -1.454880 0.366941 19.555770 
22.283857 -1.493670 -3.108050 -1.493670 19.199302 0.856182 -3.108050 0.856182 23.196410 
20.807276 0.499004 0.131966 0.499004 20.489256 1.098421 0.131966 1.098421 20.156362 
20.619070 0.314065 -0.147551 0.314065 20.306245 -0.180156 -0.147551 -0.180156 17.585130 
27.634022 0.562069 1.771897 0.562069 22.880013 0.409473 1.771897 0.409473 20.322475 
19.497904 1.665997 1.043605 1.665997 20.503589 0.397127 1.043605 0.397127 19.421370 
21.403836 -1.611885 0.147172 -1.611885 20.845394 -0.373338 0.147172 -0.373338 17.929894 
20.053284 -1.466558 -0.862167 -1.466558 22.216469 -0.161859 -0.862167 -0.161859 22.067053 
21.195412 -0.651824 -0.642264 -0.651824 18.690181 0.384119 -0.642264 0.384119 18.861732 
21.243067 -0.844288 0.382427 -0.844288 21.653441 -0.908305 0.382427 -0.908305 18.586210 
17.387998 -0.372756 0.833771 -0.372756 17.113299 -0.894277 0.833771 -0.894277 20.049450 
17.550785 -1.615456 -0.608904 -1.615456 19.501850 1.524959 -0.608904 1.524959 18.963816 
20.700225 1.568150 0.296850 1.568150 20.660301 0.362055 0.296850 0.362055 18.362799 
20.752463 1.286444 0.426869 1.286444 22.332972 0.429500 0.426869 0.429500 18.336723 
23.329617 -1.564796 -0.489795 -1.564796 20.455914 1.970805 -0.489795 1.970805 21.473958 
20.650607 -1.002838 -0.773229 -1.002838 19.932597 0.133465 -0.773229 0.133465 20.751911 
20.575331 0.551388 0.566226 0.551388 22.519458 -0.717284 0.566226 -0.717284 20.505519 
24.171207 -3.008215 -0.599865 -3.008215 22.899619 0.336102 -0.599865 0.336102 20.496483 
26.027938 1.176349 -1.255439 1.176349 22.023208 -0.586362 -1.255439 -0.586362 22.091059 
21.688138 -1.152151 -1.443138 -1.152151 23.258548 1.626573 -1.443138 1.626573 20.544540 
20.134798 -2.337087 0.648850 -2.337087 20.579462 -0.461791 0.648850 -0.461791 19.128808 
18.584393 -0.883021 -0.466756 -0.883021 19.276817 0.020325 -0.466756 0.020325 20.043244 
21.021706 0.815655 -0.806532 0.815655 20.904892 -0.059044 -0.806532 -0.059044 18.254487 
20.523469 -0.689040 0.240691 -0.689040 27.373539 -0.204573 0.240691 -0.204573 18.980203 
27.488081 -0.311327 1.213580 -0.311327 20.324944 0.799117 1.213580 0.799117 21.474898 
18.079267 0.974980 -0.269514 0.974980 19.675483 -1.207409 -0.269514 -1.207409 17.827558 
19.431937 -0.335443 1.440759 -0.335443 17.868514 0.201374 1.440759 0.201374 20.516777 
23.686951 -1.341213 0.730341 -1.341213 20.977145 -1.265869 0.730341 -1.265869 19.184035 
20.613197 -0.682365 -0.204097 -0.682365 17.790959 -0.488091 -0.204097 -0.488091 16.884381 
24.257483 -2.575492 -1.664092 -2.575492 21.145881 1.378457 -1.664092 1.378457 19.359637 
16.488585 0.490013 -0.373144 0.490013 17.220442 -1.063623 -0.373144 -1.063623 17.899071 
24.083343 1.273713 -0.421807 1.273713 26.014774 0.847905 -0.421807 0.847905 20.610715 
21.552416 -0.460515 -0.417842 -0.460515 18.834214 0.377825 -0.417842 0.377825 21.089721 
16.674220 -0.074234 -0.673422 -0.074234 17.148071 -0.608638 -0.673422 -0.608638 18.321590 
18.253999 -0.241786 -0.267985 -0.241786 17.842887 1.241475 -0.267985 1.241475 18.722577 
24.320193 -1.839338 0.872687 -1.839338 21.644622 -1.196450 0.872687 -1.196450 20.071017 
23.052866 -0.845574 0.018455 -0.845574 18.772855 0.227432 0.018455 0.227432 18.527212 
17.904513 -1.615919 -0.191646 -1.615919 22.968552 1.721537 -0.191646 1.721537 16.656771 
21.644964 -1.496841 -0.737478 -1.496841 20.865143 0.587627 -0.737478 0.587627 21.268980 
22.623658 -1.831842 -0.246407 -1.831842 21.805539 -0.626728 -0.246407 -0.626728 22.433948 
25.031494 -1.425885 -1.868456 -1.425885 22.270717 1.279998 -1.868456 1.279998 20.288368 
19.675048 -0.854756 0.235328 -0.854756 18.071478 0.070836 0.235328 0.070836 20.163954 
20.250641 -1.269692 0.126433 -1.269692 22.289527 -0.472963 0.126433 -0.472963 17.749642 
18.228289 -0.611289 0.999644 -0.611289 19.251888 -0.994007 0.999644 -0.994007 21.078296 
19.743512 -0.084182 1.896530 -0.084182 19.888106 0.448668 1.896530 0.448668 18.970257 
19.452816 1.874574 -0.797244 1.874574 18.107021 -0.197535 -0.797244 -0.197535 17.685111 
20.683927 2.024677 0.115250 2.024677 19.882018 -0.205283 0.115250 -0.205283 17.446586 
24.537772 -3.407927 -0.438871 -3.407927 23.665357 0.580032 -0.438871 0.580032 19.852908 
23.300754 0.489440 0.169439 0.489440 19.441772 -0.414843 0.169439 -0.414843 18.024132 
24.547243 1.145315 -2.304303 1.145315 20.835950 -0.832258 -2.304303 -0.832258 22.573173 
21.657278 -0.092990 0.005402 -0.092990 21.138974 -0.295303 0.005402 -0.295303 18.736965 
23.451150 0.781138 -1.285758 0.781138 21.187721 -1.396613 -1.285758 -1.396613 20.442724 
22.629803 0.388778 -2.651276 0.388778 20.434691 -1.547163 -2.651276 -1.547163 28.463404 
20.864007 0.363469 -0.084036 0.363469 19.706017 2.575117 -0.084036 2.575117 21.688367 
22.469569 0.786818 1.145208 0.786818 19.534475 0.950132 1.145208 0.950132 19.031907 
20.223058 -0.881711 -0.905836 -0.881711 19.536478 0.912901 -0.905836 0.912901 26.859903 
23.559542 -0.121843 -0.865989 -0.121843 18.885415 -0.283925 -0.865989 -0.283925 18.156891 
16.875894 0.078256 -0.177379 0.078256 18.899487 -0.412955 -0.177379 -0.412955 18.904232 
25.875896 -0.072963 2.973684 -0.072963 20.225589 0.145879 2.973684 0.145879 19.754303 
28.255656 -1.908295 -1.457152 -1.908295 24.518083 -0.590191 -1.457152 -0.590191 22.712352 
20.931121 -0.147119 0.201230 -0.147119 24.125093 2.981947 0.201230 2.981947 21.037217 
17.630934 -0.332126 -0.151692 -0.332126 20.361124 0.008105 -0.151692 0.008105 16.707872 
24.630611 -0.475645 -1.645752 -0.475645 17.563051 0.080528 -1.645752 0.080528 17.973638 
20.917363 1.466995 0.246154 1.466995 20.169446 0.747353 0.246154 0.747353 20.224182 
18.262576 0.277464 0.705186 0.277464 18.344106 0.056164 0.705186 0.056164 17.542363 
25.502815 -1.850413 1.372001 -1.850413 23.401245 -1.847384 1.372001 -1.847384 23.092108 
20.294394 -0.104600 -0.079732 -0.104600 19.488461 -1.453673 -0.079732 -1.453673 20.539933 
20.931980 -1.261506 -1.225060 -1.261506 19.338090 -0.347269 -1.225060 -0.347269 24.103946 
22.633653 -0.850136 1.527502 -0.850136 18.981400 -0.041772 1.527502 -0.041772 18.546063 
25.150085 -0.451838 1.062712 -0.451838 18.925300 -0.401127 1.062712 -0.401127 19.632867 
22.106849 -1.077276 -0.507680 -1.077276 24.129525 -1.112380 -0.507680 -1.112380 19.993022 
24.179284 -2.705694 -1.029974 -2.705694 23.159497 1.948362 -1.029974 1.948362 19.648010 
22.391985 -1.426103 -0.789460 -1.426103 24.630273 -0.244286 -0.789460 -0.244286 20.621709 
17.741274 0.332904 -1.733353 0.332904 17.537732 -0.937774 -1.733353 -0.937774 18.166153 
24.358413 -1.767000 -2.581730 -1.767000 19.947662 0.147169 -2.581730 0.147169 20.119852 
23.848241 2.558603 -1.255135 2.558603 27.750868 -1.228800 -1.255135 -1.228800 18.865759 
18.186819 0.284066 -0.678179 0.284066 17.731966 -0.292288 -0.678179 -0.292288 18.912161 
21.631845 -0.847886 0.359305 -0.847886 18.707992 1.592118 0.359305 1.592118 19.480548 
26.797452 -0.954704 0.420337 -0.954704 19.588316 -0.145316 0.420337 -0.145316 19.529940 
24.750806 0.336395 -0.548819 0.336395 25.483977 -0.692221 -0.548819 -0.692221 19.277355 
21.612351 -1.681774 1.946678 -1.681774 20.875176 -1.467111 1.946678 -1.467111 21.218541 
18.370207 -0.804830 -1.867996 -0.804830 19.022008 1.536065 -1.867996 1.536065 23.243155 
23.265304 -0.054843 0.798247 -0.054843 20.184959 0.499020 0.798247 0.499020 19.365875 
20.245342 -0.149388 1.180342 -0.149388 22.312821 0.037318 1.180342 0.037318 19.890700 
24.435985 -1.098668 0.811393 -1.098668 22.512839 -1.480928 0.811393 -1.480928 21.912160 
18.859683 1.679988 2.178398 1.679988 20.114249 2.538870 2.178398 2.538870 21.475715 
24.195277 0.838342 -0.882375 0.838342 23.119668 -0.402391 -0.882375 -0.402391 19.941338 
23.306881 -1.818164 1.857255 -1.818164 22.318717 -2.152965 1.857255 -2.152965 20.273053 
19.678420 -1.693302 0.142592 -1.693302 21.505721 1.264515 0.142592 1.264515 22.861433 
24.701262 -2.346373 0.353668 -2.346373 27.845116 1.160128 0.353668 1.160128 22.815690 
20.412305 -0.553174 0.638598 -0.553174 19.731494 0.824469 0.638598 0.824469 19.508305 
22.295292 -4.613199 0.345878 -4.613199 24.527346 -0.595845 0.345878 -0.595845 18.297185 
16.802383 1.031300 0.644602 1.031300 16.672597 -0.239578 0.644602 -0.239578 16.749498 
18.386429 -0.124018 -1.243177 -0.124018 17.923031 -0.778156 -1.243177 -0.778156 22.105156 
18.715368 -0.947556 0.332366 -0.947556 19.009407 0.041728 0.332366 0.041728 18.666486 
20.426768 0.104523 1.252636 0.104523 16.634367 0.220737 1.252636 0.220737 18.895190 
21.005147 2.350074 -0.191675 2.350074 26.011018 -0.889203 -0.191675 -0.889203 20.713777 
25.125189 0.892702 -0.256085 0.892702 19.313261 0.165711 -0.256085 0.165711 18.604722 
18.709576 -3.032215 0.434122 -3.032215 24.481597 -1.202333 0.434122 -1.202333 17.406518 
17.737395 -0.475786 1.554646 -0.475786 18.327699 -0.271254 1.554646 -0.271254 19.980412 
19.685815 0.499739 0.135147 0.499739 25.371247 2.339006 0.135147 2.339006 19.399719 
19.882276 0.935764 -0.423855 0.935764 21.054824 -0.313623 -0.423855 -0.313623 18.433641 
20.373287 -1.223361 -0.097241 -1.223361 21.263414 1.853748 -0.097241 1.853748 20.448576 
19.034945 0.278638 0.061670 0.278638 17.303806 0.677751 0.061670 0.677751 21.375024 
28.692028 2.425007 1.164317 2.425007 23.129458 1.020259 1.164317 1.020259 19.439348 
18.195792 0.785703 0.629306 0.785703 16.476602 0.294294 0.629306 0.294294 18.825701 
21.341700 2.243203 -2.826055 2.243203 19.613516 -1.682924 -2.826055 -1.682924 21.282199 
19.039722 0.395341 -0.828945 0.395341 19.032578 -1.529987 -0.828945 -1.529987 21.778931 
17.962708 0.532794 0.350511 0.532794 20.579185 1.331765 0.350511 1.331765 18.084721 
21.829179 -2.566117 -0.183903 -2.566117 24.054138 1.635388 -0.183903 1.635388 18.980189 
25.458495 1.138723 -0.063814 1.138723 20.290725 0.667974 -0.063814 0.667974 22.114039 
25.028496 -1.299387 -0.861535 -1.299387 23.226022 -1.663697 -0.861535 -1.663697 22.334794 
23.980483 -1.843085 -1.460902 -1.843085 26.172937 2.243692 -1.460902 2.243692 20.588584 
21.899783 4.245682 -2.360695 4.245682 27.478810 -4.259044 -2.360695 -4.259044 21.428668 
19.983020 -0.820000 0.646311 -0.820000 20.335676 1.378655 0.646311 1.378655 19.845177 
23.988010 -0.786111 1.498840 -0.786111 24.622334 1.795572 1.498840 1.795572 22.838105 
24.573508 -0.541516 -1.880670 -0.541516 18.900918 0.086327 -1.880670 0.086327 18.746458 
21.614275 -1.174047 1.179767 -1.174047 17.825290 -0.630337 1.179767 -0.630337 18.463120 
20.915846 -0.679953 -0.181286 -0.679953 20.300476 0.078299 -0.181286 0.078299 17.634121 
20.393723 -0.798750 -0.076765 -0.798750 20.512788 0.501015 -0.076765 0.501015 18.541931 
22.065002 -0.494948 -1.402662 -0.494948 24.248646 0.104095 -1.402662 0.104095 19.433138 
19.435488 -0.410703 -0.250552 -0.410703 27.518745 -0.702101 -0.250552 -0.702101 20.594308 
20.277352 0.961203 0.171295 0.961203 18.763026 0.246803 0.171295 0.246803 17.247776 
17.613545 -1.055918 0.139698 -1.055918 18.287230 -0.187350 0.139698 -0.187350 18.894700 
24.411544 -1.925410 0.588579 -1.925410 22.594265 -2.614980 0.588579 -2.614980 22.348538 
17.230155 0.057944 0.314082 0.057944 19.113796 0.506650 0.314082 0.506650 18.684137 
20.994434 0.780931 -0.635553 0.780931 21.536782 -0.940112 -0.635553 -0.940112 19.185503 
18.348952 -0.452619 -0.697886 -0.452619 18.634659 0.364940 -0.697886 0.364940 19.530939 
16.552070 -0.367933 -0.274942 -0.367933 21.819502 0.841889 -0.274942 0.841889 16.721592 
23.136677 4.329663 -1.751043 4.329663 27.465679 -2.662920 -1.751043 -2.662920 22.832567 
23.281359 -0.773493 -0.004535 -0.773493 31.133299 1.152873 -0.004535 1.152873 19.220317 
25.234443 -0.831521 -0.946733 -0.831521 18.590346 0.006973 -0.946733 0.006973 18.348842 
26.781359 -0.444781 -1.454397 -0.444781 23.155589 -0.525878 -1.454397 -0.525878 25.184550 
22.741967 -1.196750 -0.065874 -1.196750 26.375135 -0.331543 -0.065874 -0.331543 18.547680 
17.584180 -2.112937 0.166131 -2.112937 21.649129 0.014645 0.166131 0.014645 16.722035 
22.376051 -0.063036 1.116842 -0.063036 22.198967 1.085323 1.116842 1.085323 20.924998 
20.886918 0.878322 1.573304 0.878322 19.239590 0.747103 1.573304 0.747103 19.192094 
19.892955 0.630503 -0.768085 0.630503 19.921435 -0.236893 -0.768085 -0.236893 18.235701 
23.268843 0.688932 1.326793 0.688932 20.281243 -0.170464 1.326793 -0.170464 27.449362 
28.472368 0.149010 -0.753248 0.149010 21.966834 -1.186472 -0.753248 -1.186472 19.864319 
21.584422 -0.070272 0.025047 -0.070272 21.479286 -2.279343 0.025047 -2.279343 19.665960 
22.696177 0.873490 -1.729191 0.873490 20.736928 -1.081622 -1.729191 -1.081622 20.622890 
17.864109 -0.168284 -0.563522 -0.168284 19.341581 0.251270 -0.563522 0.251270 21.342720 
22.604177 -1.460558 -1.290773 -1.460558 21.701513 0.296157 -1.290773 0.296157 23.815180 
17.445329 -0.380455 -0.597916 -0.380455 17.029566 0.512526 -0.597916 0.512526 18.528206 
20.169380 -1.623668 1.582974 -1.623668 17.657404 -1.017532 1.582974 -1.017532 17.758626 
21.861419 -4.343196 -0.394644 -4.343196 25.005882 -0.374845 -0.394644 -0.374845 18.928589 
17.243018 -0.715858 1.034007 -0.715858 17.210830 -0.947804 1.034007 -0.947804 18.120879 
25.429578 -0.723445 2.039728 -0.723445 20.797575 0.139811 2.039728 0.139811 21.002657 
23.682625 0.074211 -2.315817 0.074211 25.812084 -1.690616 -2.315817 -1.690616 21.915262 
18.712212 1.979918 -0.541816 1.979918 18.720190 -0.441480 -0.541816 -0.441480 18.188510 
22.368852 1.174086 0.455458 1.174086 23.383730 0.695694 0.455458 0.695694 17.727497 
22.236909 0.918111 -0.008119 0.918111 22.438422 -1.926760 -0.008119 -1.926760 20.972258 
22.239501 -0.837306 -1.408001 -0.837306 18.829645 1.227595 -1.408001 1.227595 21.367813 
24.247699 -1.060807 -0.921964 -1.060807 26.527547 3.571278 -0.921964 3.571278 22.846568 
21.556228 -1.033459 0.514507 -1.033459 19.129677 -0.722043 0.514507 -0.722043 19.004785 
22.650936 3.150512 -2.978499 3.150512 24.517469 -4.691011 -2.978499 -4.691011 23.442051 
17.253247 -0.601278 0.018825 -0.601278 16.487021 -0.272171 0.018825 -0.272171 16.128025 
20.182179 -0.493318 -0.532654 -0.493318 17.612312 -0.059892 -0.532654 -0.059892 17.119612 
18.086452 -0.515143 0.002166 -0.515143 21.568208 0.008890 0.002166 0.008890 18.398230 
23.119388 -0.785167 0.224760 -0.785167 20.540485 -0.039705 0.224760 -0.039705 18.561350 
24.781030 1.112303 -1.481252 1.112303 18.766946 -0.624683 -1.481252 -0.624683 18.779064 
23.063429 -0.642266 -0.224982 -0.642266 18.766999 -0.051373 -0.224982 -0.051373 17.933909 
23.284008 -0.329457 0.363976 -0.329457 19.478971 -0.074473 0.363976 -0.074473 19.104572 
21.574223 -0.088792 -0.207827 -0.088792 19.090052 0.126258 -0.207827 0.126258 18.377775 
22.549619 -0.034193 0.437730 -0.034193 18.721253 -0.013543 0.437730 -0.013543 18.358973 
20.724382 -0.420740 0.619932 -0.420740 17.855517 0.171936 0.619932 0.171936 19.788180 
18.603861 -0.625783 0.000266 -0.625783 17.063446 -0.053672 0.000266 -0.053672 17.567020 
21.131303 -0.172870 -0.103799 -0.172870 18.695356 -0.180258 -0.103799 -0.180258 20.276482 
19.277086 -0.752456 0.062029 -0.752456 18.224068 -0.464879 0.062029 -0.464879 18.819753 
19.401665 -0.612390 0.511378 -0.612390 17.442201 -0.101558 0.511378 -0.101558 18.860074 
20.217191 -0.362977 0.226537 -0.362977 17.616836 0.104230 0.226537 0.104230 18.538875 
21.648962 -0.042040 -0.848662 -0.042040 18.613383 -0.249780 -0.848662 -0.249780 19.936679 
19.328315 0.314908 0.191308 0.314908 19.347476 0.279579 0.191308 0.279579 21.465346 
