18.067423 19.2579612935
18.536588 19.0067462522
17.81987 18.4810648617
18.379825 18.2325768183
17.468402 18.5555162769
18.089789 18.6760462006
17.371428 17.8888031115
18.012037 18.5667835313
17.968309 18.5826996951
16.562775 17.9421276909
17.000539 17.5710578621
18.410577 18.5649176054
18.330871 18.2697646138
17.49725 18.0376457148
17.843087 18.3224174248
17.897377 18.579811265
16.854294 18.0064257877
17.714006 18.4104751245
18.142811 18.8547868481
17.875752 19.0298432653
16.976243 17.6170234352
17.753665 18.4577554498
17.183443 18.2008063015
18.048852 18.9923677143
17.3591 18.2925008383
18.03583 18.5068561899
17.44959 18.8415918346
17.583514 18.4485103093
18.723957 18.8205522365
16.92448 17.8144203978
18.27358 18.6538377451
18.055109 18.6933724379
18.121357 17.7767845542
18.816554 18.484717301
18.286152 19.0440815065
17.438358 17.6484524233
17.882944 18.4316288956
17.200551 18.1442719017
18.130592 18.3760782096
16.614825 18.0729785479
20.684596 19.6426053866
19.258056 18.9188556301
16.876898 15.7527677845
18.865092 17.7012027762
20.524218 19.9390353073
17.907382 17.1392687031
18.555186 17.9767201721
21.235402 20.2356519159
17.76227 17.2225157736
18.540047 17.3414658033
18.617511 18.1743654275
23.491056 20.9919257404
26.141699 23.9471509473
18.149669 18.2753092317
19.092761 18.5808262921
18.340947 17.8632957786
20.741278 18.9959827022
18.944668 18.4241428222
21.036095 21.7881666517
22.514984 22.6193973476
22.952889 21.5300918024
21.758238 20.2264406936
24.242388 22.676538984
18.584643 17.6551782501
22.93489 22.4433137036
21.006968 19.6251213096
16.93197 15.5288438064
17.934758 17.9547010062
19.22112 17.405809875
20.221637 19.6867821203
23.041233 22.0199729098
22.299359 20.5685993799
27.440601 24.9083336209
21.041385 21.4754303351
21.691059 21.8710947873
19.146401 19.9619715672
19.020202 18.3169621915
21.52282 20.8041590093
18.739779 18.6752136036
18.673987 18.6420583707
19.215964 18.6810517884
18.384433 18.4432103502
22.922559 21.3104112868
20.798333 20.369490115
19.795083 19.5329625893
21.322357 19.9514573519
18.826956 18.7455987298
22.495561 20.6325513286
17.73581 16.587488647
22.789601 22.1082357546
21.09413 20.2529628485
18.752619 18.4251301766
28.009789 25.2551926855
22.448891 22.2446148747
21.420997 20.4279370176
17.770944 16.965253142
20.780357 20.6349286983
20.573304 19.5307603231
23.826721 22.4974703604
22.245611 21.1637942573
20.639873 19.6821691761
19.240299 17.6720974909
22.013412 22.0459546939
22.903411 20.5877064645
23.909456 21.7106213685
19.568958 18.4008603942
21.534805 20.153417168
19.608702 19.0467991384
21.041947 21.2519296864
20.102254 18.4553253779
18.951264 18.1915713256
20.954718 20.0528664656
23.393102 23.4290112045
19.493139 20.0363705691
17.249357 16.4213361349
17.580902 16.861415553
20.481729 19.1714111866
26.249494 24.1223711462
19.237791 18.3389229908
21.724098 21.1700727981
23.204292 22.6786182545
23.883724 22.7582591839
26.637871 25.3785528098
20.035732 18.8063121661
19.955781 19.4112684973
20.442266 19.099688987
20.643474 20.7865817581
23.38706 23.1772957395
24.828961 23.1263451535
19.555365 19.5151680779
20.201844 19.5677185913
20.996085 19.8663952791
23.928178 22.5366636985
20.17999 20.0163603835
19.004966 17.9108229332
24.548409 23.131313804
20.636399 19.2710235312
19.804047 19.7633883121
19.854882 19.9295266709
25.288892 24.0234313567
21.679573 21.1349559904
19.176779 18.1803503175
22.630344 22.472394146
18.698178 18.8730169528
21.706915 20.641984395
20.251266 20.2731289693
20.581513 19.3112570882
28.676524 25.2364694529
18.780517 19.0001953813
19.747898 20.8184272086
19.568826 19.3832888523
21.110827 21.4321946023
18.241039 18.7043796161
22.459678 21.1301372127
20.642885 20.4432024559
18.931773 18.950989779
21.088288 21.2129821614
18.151489 16.9508016346
22.316322 21.8775358604
18.447207 18.8648827146
34.47921 27.3613597564
20.225194 20.2821258604
26.379715 25.1951771631
17.790202 17.5204530039
18.646875 17.8485423538
24.411204 24.3264516184
20.176967 20.7559192049
15.838285 15.8796161222
19.423321 19.1619804864
24.630511 24.4397790661
29.799039 26.7435083761
22.129582 22.0196639012
21.779685 21.5371158771
19.181046 19.8786812178
25.064947 24.6197425071
18.945282 18.5746843253
23.461122 23.976137302
19.20192 18.8297173342
23.582184 24.0318226642
22.44296 21.8908303663
16.546625 16.1806713376
20.432391 20.5268970113
17.08425 17.0551760098
22.323325 18.2337526728
20.354229 20.4898933029
20.067493 19.3440467766
19.968598 20.7918206094
23.804385 23.6382942742
20.375691 20.4419362255
23.641081 23.6460295903
30.320801 27.1539817688
19.481026 19.763330517
20.800629 21.0006358985
19.493781 19.5409779221
21.293029 21.7491468141
19.279517 19.2109867821
24.774219 22.553509803
22.826506 22.2928404179
19.971696 19.3906050489
22.806374 22.6268713582
20.522286 20.4404062011
15.876666 16.1897180927
21.01662 20.0371513938
20.058799 19.6731671181
17.213715 17.4261888634
23.485472 23.6832200846
21.476125 22.0467048535
19.962521 19.6783675963
18.561665 18.8432124038
19.848905 20.4052512674
21.70059 21.3990031346
21.596746 21.5944635796
18.629178 18.9158177902
20.354992 20.8165323742
17.12913 17.0783773071
19.119664 19.1269980208
21.329759 21.1673690076
23.089875 23.2115751971
21.49931 21.5258142703
22.097786 21.0154775081
20.958791 21.3503335235
17.864845 18.1073741166
17.403182 17.7200414736
18.095442 18.4456894817
20.397734 21.6436608169
20.46822 20.7336954803
23.903034 23.7819068997
18.852805 19.0874304365
24.278913 23.8096970853
21.933804 20.1234722923
17.220193 17.4411725394
17.774004 18.3556134535
17.43404 17.5025833179
25.459225 23.6437630582
19.484907 19.8056289603
18.227314 17.8408148472
18.347861 18.9413263027
25.850642 24.5810615481
25.811901 24.227374783
20.23158 20.0653155683
20.01452 19.3313015158
20.938097 21.3837787596
32.824665 27.3601253098
22.045809 22.7562803078
26.072257 25.103617484
27.659042 24.7328562024
31.01293 27.1326377228
18.32721 18.5521320933
17.728988 17.5676710326
19.707266 19.1167549787
19.06263 19.0528312759
20.598203 20.075256259
19.566328 19.5230971342
21.851114 22.4613057561
18.347097 18.4162209702
18.422713 18.4691958167
21.439621 22.1605190852
21.184128 21.5388955171
23.533733 21.7693961967
21.804203 22.6795391216
22.063448 21.4188346845
20.989201 21.2174682095
22.297804 21.3163997374
23.273525 23.1372133979
18.656901 18.5224859115
17.765435 18.0364935914
22.146903 21.3128672974
30.249127 25.6841710847
22.928011 23.5467847604
20.784989 20.7278758284
17.184868 17.9871763164
25.242921 23.9488132039
26.878399 24.6784849972
22.609583 22.2526599174
20.553153 21.0196091653
17.010413 17.4671444642
17.421328 17.3968439467
18.246347 18.5367243153
21.047826 20.6533787985
21.147373 21.2768084736
21.390691 20.9236618726
17.011629 17.912520355
21.360799 21.5779779874
22.026277 21.6752859838
17.4391 17.7181613273
17.953514 18.4652393078
17.386509 17.6922624461
25.828119 24.3471294045
26.469131 24.1380650278
18.200631 18.4386728746
22.26623 22.1999241845
20.425162 20.6873273066
19.704746 19.5721324545
22.898035 22.4456916471
22.25318 22.0152426392
17.881901 18.661827544
20.169924 19.3293828518
26.752333 24.6860155891
19.300125 19.2103089609
22.612018 23.5454931884
16.744107 17.4446337267
23.179356 23.6212572359
22.691411 20.708700285
19.169935 18.2135352899
18.155677 17.9221635646
20.474012 20.1421117811
19.118986 19.2131169555
21.688817 21.4311398276
21.200268 20.4854651506
20.409772 20.4479994013
18.39896 17.9327710476
17.818547 17.3336281099
21.632484 21.9630711829
33.393193 28.3516527928
19.480265 19.7733983211
17.83525 17.6448224314
21.193845 20.9444250028
16.763202 17.5628830827
17.727186 18.5824134732
18.323844 18.3807310231
20.218448 20.7827629798
23.621874 22.6081812975
17.37566 17.1751887245
22.09192 21.2920683583
18.732552 18.3265452397
18.894574 18.492950403
19.131803 20.2490481199
21.965315 21.4562551512
18.194372 18.7361679029
20.232758 20.4439336626
20.693707 20.6932638779
18.996443 18.6424028888
19.16312 20.1327825411
19.833361 20.0202118177
23.225579 22.5542900865
20.352365 20.0991948541
29.722702 25.5395220241
21.833502 21.6740071392
21.058453 20.4009820714
18.629174 19.2117919365
18.728068 17.8165296635
19.760798 19.8321736391
16.453516 16.619252251
19.021682 19.1933216332
25.094711 23.7846959147
17.483072 17.5748279143
18.194468 18.2267706742
20.522144 20.4308122256
22.222147 21.525261028
18.698084 18.0697027162
17.712814 17.3935713389
19.137988 18.7145787425
26.573966 24.8151710484
19.293683 19.2962996918
19.003104 18.4235334312
19.714503 19.6924569577
27.709659 25.5844792687
20.921578 21.9220616697
20.47426 21.0948637181
21.999784 22.0887939009
20.841931 21.0954976357
20.737848 20.2331785032
22.33043 22.7104953894
18.648644 18.4434865222
19.336613 19.2424402621
20.960055 21.5720121094
21.035319 21.4306605323
19.706658 19.6312928391
24.641836 23.611795496
18.26687 19.0823435503
19.919409 19.9882858398
21.107694 20.9565578382
21.775191 22.2645910372
18.065987 18.4848481193
19.99419 20.9274990489
21.869822 21.7637583415
20.359873 19.6663433328
27.239213 24.9469410908
21.199774 21.9464771832
17.806412 17.8207220061
19.546182 19.7221158256
25.194955 21.7112837624
19.937488 19.9376209036
23.181137 22.8710115328
20.133403 20.8398252963
25.030839 24.2225530256
24.526859 22.2106824357
16.496314 16.5857210335
22.541006 22.9084813096
19.94921 19.580478009
24.321604 22.3384193685
24.744753 23.1797490657
21.687186 22.8761018577
20.740231 21.6561136968
28.496236 24.0586006585
26.835985 25.7939264021
23.69273 21.0901218318
17.492348 17.3837583134
28.529065 26.3080232226
23.390631 22.5659683748
21.033069 21.2078135528
19.387384 19.0089445343
25.394404 22.9214392219
22.713678 22.6209982135
18.813491 19.6762486489
21.780714 21.9851932723
23.474183 23.0459134318
21.946308 21.6074356244
22.212915 23.276961814
21.873054 22.8446081907
16.688214 17.5248708068
25.915041 24.5792972565
22.283857 21.7518694746
20.807276 21.1222173166
19.497904 19.3885190801
21.403836 20.8858201014
20.053284 20.9421040938
21.195412 20.7465749337
17.387998 17.0641230997
17.550785 17.3047829832
23.329617 22.3252355677
20.650607 20.3405474042
20.575331 20.806953017
18.584393 19.0214056661
21.021706 19.856262698
20.523469 20.4452006642
27.488081 26.0756202037
18.079267 18.3557226392
24.257483 23.3609922074
16.488585 16.5170515877
16.67422 16.9038373615
21.644964 21.8952401016
22.623658 23.4775925455
25.031494 23.4351644005
20.683927 20.7455958375
24.547243 24.1382198881
22.629803 22.2326018017
20.864007 20.8647924511
25.875896 24.2591261889
20.931121 21.5993258135
24.630611 23.2816053778
20.917363 20.6401052522
25.150085 22.5952093503
22.106849 21.9048700018
24.179284 23.7717434752
24.358413 23.3743725315
18.186819 18.5757371766
21.631845 21.1814877269
26.797452 22.7400592559
20.245342 20.7639981352
24.435985 23.1476285532
24.195277 23.5976552913
20.412305 20.4470848748
22.295292 20.5158246709
18.386429 18.1746292707
18.715368 18.6088113013
25.125189 25.1929162033
18.709576 18.5329352928
17.737395 17.9597680025
17.962708 18.2444165632
25.458495 24.6234068695
25.028496 23.9834203238
23.980483 24.4977758797
23.98801 23.4829213262
24.573508 23.5716594784
20.915846 19.2818960237
20.393723 20.1464503013
22.065002 22.2010568187
19.435488 19.9968497293
20.277352 20.341413639
17.613545 17.8865242967
24.411544 24.264741021
20.994434 21.2515973926
18.348952 18.2844243251
16.55207 16.6832520315
26.781359 25.985070682
22.741967 22.8028131175
22.376051 22.3697518402
20.886918 19.8229162041
23.268843 23.8479501505
28.472368 25.3081355293
22.696177 22.2172740165
17.864109 18.32949538
22.604177 22.3681049817
20.16938 19.6136852944
21.861419 20.2028819651
17.243018 16.684203022
22.368852 21.6912791552
22.236909 23.4558291094
24.247699 23.4075993172
22.650936 21.0341642853
17.253247 17.0098667242
23.119388 21.5208690534
23.063429 21.134111703
21.574223 20.5297346918
22.549619 21.2473659929
18.603861 18.9776818353
19.277086 19.2661784506
19.401665 19.4889295544
21.648962 21.4165323927
