-0.038599 0.000000 -0.173454 
-1.192174 0.000000 0.968401 
-0.724031 -0.239075 -0.032872 
-0.037740 0.160881 -0.028144 
-0.349362 -0.328551 -0.031621 
-0.715435 -0.158381 -0.031003 
-0.616740 0.005212 -0.260853 
-0.000000 0.000000 -0.000000 
0.000000 0.000000 0.000001 
-0.315170 0.545989 0.000001 
-0.314002 0.543944 0.000000 
-0.000000 0.000000 0.000000 
0.620671 -0.003715 0.314173 
0.000000 -0.000000 0.000001 
0.003228 0.085254 -0.048798 
-0.623955 0.042171 -0.001435 
-0.226517 0.296087 -0.656500 
-0.955468 0.303988 0.624728 
-0.127752 -0.219896 -0.017119 
-0.641414 0.373520 0.353842 
-0.751770 -0.495499 0.727133 
-0.244120 0.370918 -0.241267 
-0.657692 0.070666 -0.663386 
-0.677511 -0.465868 0.606199 
-0.773301 -0.604788 -0.252425 
-0.532980 0.104021 -0.523285 
-0.112041 -0.582608 0.423098 
0.038298 0.099224 -0.009304 
-0.105902 -0.346817 0.016704 
0.212545 -0.560849 -1.492207 
-0.409315 -0.619730 0.767634 
0.130598 0.300301 0.325052 
-0.764002 -0.056954 -0.802651 
-0.872328 0.397870 -0.236514 
-1.207704 -0.242795 0.112226 
0.462100 0.244302 0.922000 
-0.040725 0.139422 -0.138514 
-0.908766 0.446024 0.897438 
-0.422279 0.062273 -0.201744 
-1.004758 0.327042 -1.277839 
-0.052979 0.640467 0.933891 
0.373117 -0.396853 -0.928225 
-0.109410 0.104128 -0.003928 
-0.968402 0.536262 0.558696 
-0.442186 0.301716 1.494452 
-0.159766 -0.189136 -0.209781 
-0.443651 -0.492697 -0.156982 
-1.346290 -0.096562 -0.048507 
0.507210 0.180062 0.187805 
-0.578332 0.586291 0.310305 
-0.157972 0.430903 -0.068577 
-0.209943 0.374079 1.583822 
0.200440 -0.030979 0.242238 
-0.713095 0.004182 -0.747794 
0.101717 0.284119 0.482798 
0.161413 0.410568 0.737143 
-0.253736 0.208771 0.080425 
0.012534 -0.244056 1.044486 
-0.482112 0.581709 -0.072574 
-0.793008 0.057383 -0.178285 
0.352691 0.093882 -0.651527 
-0.453263 -0.016138 -1.503711 
-0.886511 0.187807 -1.226875 
0.083610 -0.098753 -0.005064 
-0.742964 0.396657 0.865461 
-0.713797 -0.722300 0.505858 
-0.023318 -0.407433 0.862788 
-0.013638 -0.529193 0.239875 
-0.624189 0.308544 -0.103248 
0.025330 0.093299 -1.659853 
-0.794826 -0.361738 0.248268 
-0.170398 0.168809 0.026424 
-0.137424 -0.161188 -0.945854 
-0.675772 -0.053943 -0.666150 
-0.699544 0.118954 -0.152507 
-0.593130 0.481377 -0.005179 
-0.187823 0.276888 -0.032479 
-0.016604 -0.111108 -1.628758 
-0.020825 0.023459 0.003895 
-0.066705 -0.321680 0.092401 
-0.072898 -0.340095 0.090993 
-0.765390 -0.499852 0.610784 
-0.790545 -0.495013 0.558925 
-0.734707 -0.190321 0.686569 
-0.464826 0.573364 0.596260 
-0.529902 0.305496 -0.199825 
-0.567502 0.329054 -0.184689 
-0.033656 0.365539 -0.009509 
-0.044252 0.532578 0.968689 
-1.136347 0.013623 0.835659 
-0.080470 -0.582067 0.142657 
0.067958 0.023819 0.700010 
0.135847 0.183088 -0.223172 
0.648904 -0.082581 -0.014291 
0.541726 0.386755 -0.670667 
-0.080133 0.914888 -0.038185 
0.711969 0.967483 -0.390927 
1.046726 0.183176 0.369085 
1.174751 1.063217 0.203926 
-0.007935 0.431136 -0.623733 
0.397618 0.789407 0.734461 
1.321225 0.409944 0.105899 
0.531249 1.014346 -0.670362 
0.746452 0.950730 -0.588276 
0.976921 0.821906 0.134398 
1.076774 1.081254 0.170092 
0.259179 1.368973 -0.027207 
0.287580 0.824123 -0.720819 
0.776765 1.178661 0.106899 
0.901656 0.538882 0.085406 
0.558309 0.533775 -0.656967 
0.607214 0.009028 0.577019 
-0.012704 -0.197921 0.228926 
0.801772 0.765466 -0.326325 
0.260179 -0.022407 -0.379453 
1.120876 0.192276 -0.111731 
0.911069 -0.022148 -0.341479 
0.406148 0.467766 -0.592681 
0.232027 1.051423 -0.593456 
0.105129 0.129437 0.141882 
-0.210996 0.794752 -0.260183 
0.166099 1.070883 -0.683067 
0.515714 0.418647 0.671443 
0.718261 0.798603 -0.464545 
0.702508 1.115784 0.547618 
0.150584 0.983735 -0.477318 
1.171410 0.364974 0.368915 
1.015138 0.368480 0.105694 
0.833480 0.574249 -0.642731 
0.957813 0.740467 0.083243 
1.132652 0.304747 -0.370106 
1.233200 0.167886 -0.148627 
0.549637 -0.047430 0.068012 
1.115181 0.250991 -0.367277 
0.030683 0.054207 0.264103 
0.263537 0.720447 0.690912 
0.915511 0.237550 -0.299143 
0.502002 0.889937 0.319675 
-0.191040 0.519876 0.229745 
-0.028598 0.025013 0.253158 
0.061399 1.299379 0.001800 
0.379343 0.976332 -0.624515 
-0.094289 -0.095076 -0.076506 
0.978826 0.423043 0.530395 
0.720779 0.001315 0.157447 
0.495791 0.413026 -0.642472 
0.552118 0.350160 0.710310 
1.316243 0.288066 -0.302616 
0.368311 0.892769 -0.616912 
-0.119835 1.137473 0.150804 
0.578860 1.752272 -0.534607 
0.074302 0.049477 -0.054258 
1.105178 1.183333 -0.392778 
-0.001188 0.415248 0.608614 
0.107645 0.007227 0.101350 
-0.052647 1.099767 0.263185 
1.085003 0.561474 0.014728 
-0.294348 0.667509 -0.224963 
-0.231805 0.813506 0.491417 
0.161984 -0.064934 -0.593676 
-0.150423 0.356122 0.131026 
-0.175789 0.412941 -0.474510 
-0.166621 0.418056 0.060794 
0.226957 0.857687 -0.571241 
0.535474 1.410929 0.063506 
0.322594 0.862324 -0.491779 
0.432427 0.489749 -0.746756 
0.246346 0.015633 -0.254584 
0.033687 0.054184 -0.364662 
0.266785 -0.121280 0.579728 
0.520801 1.123775 -0.235603 
0.557245 0.706985 0.629465 
0.111662 1.294536 -0.231398 
-0.053698 0.700299 -0.462367 
0.255296 0.148444 -0.223965 
0.040804 0.250490 -0.460904 
1.237092 0.679118 -0.491719 
-0.110782 0.004565 0.015976 
0.929907 0.433373 0.274678 
0.227502 -0.027236 -0.118055 
0.925243 0.524999 0.513365 
0.548030 0.243806 0.770699 
0.564547 -0.234090 0.247701 
0.948084 1.124533 0.437872 
-0.216065 0.944364 -0.229118 
0.380348 0.709431 0.487826 
-0.136614 0.446852 0.126174 
1.333234 0.580447 -0.407055 
1.213462 0.831698 -0.023781 
0.193381 1.188493 0.445777 
0.903641 0.258570 0.711230 
0.427895 0.439441 0.649027 
0.543559 0.532558 0.635245 
0.915513 0.831882 -0.077088 
0.804896 -0.096508 -0.416447 
-0.384200 1.425162 0.350508 
0.884400 1.125105 0.064602 
1.366741 0.944311 -0.095655 
0.905956 0.876168 -0.677988 
0.128320 0.226420 -0.107083 
0.384651 0.808817 -0.285032 
0.486027 0.703605 -0.326927 
1.288117 0.841012 0.001003 
0.220165 0.696760 -0.524079 
0.087691 1.008936 0.339024 
0.534774 0.457749 -0.558202 
-0.129340 0.693020 -0.393874 
0.446947 1.149159 0.285201 
0.087633 0.461028 -0.483393 
0.725273 -0.127546 0.347107 
0.052819 0.044769 -0.241466 
0.587407 0.938897 0.418928 
0.849062 1.150194 -0.480553 
0.064707 0.774042 -0.687484 
0.697950 1.063252 -0.649829 
-0.139735 1.062473 -0.067150 
0.769322 -0.029891 0.377378 
0.056097 0.831270 -0.695974 
0.533192 -0.004526 -0.053336 
0.955273 0.710539 -0.124803 
0.956539 0.252645 0.378934 
1.155608 0.200183 0.330150 
0.308492 -0.100364 0.112182 
0.394526 -0.207583 0.261285 
0.404796 -0.233719 0.125158 
1.034059 -0.054562 0.106167 
0.355040 -0.030356 -0.449438 
1.004242 0.155431 0.132678 
0.504618 0.660247 -0.613724 
0.120069 0.521533 0.097645 
0.455877 1.063760 -1.572386 
0.052903 0.125449 0.398684 
-0.307980 0.832857 -0.294215 
0.850152 0.023024 0.360125 
0.026375 1.076425 0.573064 
0.220966 0.209295 -0.283215 
-0.059252 0.996634 0.615787 
0.719585 0.384707 -0.622184 
0.105781 0.943766 -0.075702 
0.918046 0.649266 0.657455 
0.274896 1.275567 0.320094 
0.055827 1.116365 0.145392 
0.192912 0.823645 0.792882 
0.118269 0.406789 -0.884605 
1.027237 0.111365 -0.260366 
1.002163 0.966453 -0.328712 
0.422537 0.833083 -0.528304 
1.209139 0.008930 0.209106 
0.169265 0.088212 0.360032 
-0.150553 1.064525 -0.330800 
0.056824 0.269197 0.678981 
0.252385 1.140276 -0.448560 
1.293323 0.534788 0.128294 
1.086558 0.568821 0.119895 
0.217860 -0.227811 -0.274649 
-0.184873 0.230697 0.126898 
0.586625 1.590351 0.763029 
0.503241 0.408899 -0.597155 
-0.344263 0.457204 0.329193 
0.401082 0.667154 -0.578448 
1.302140 0.700601 0.402787 
0.177368 -0.074234 -0.146870 
-0.073454 0.584234 -0.231396 
0.092645 0.034461 0.165398 
1.264563 0.541043 0.522834 
0.327699 0.713381 -0.712498 
-0.212387 1.349430 0.522969 
1.372383 0.887948 -0.093456 
0.814264 0.087075 -0.096467 
0.378838 0.049445 0.293240 
1.109020 -0.110627 0.329267 
0.075040 0.308202 0.052760 
0.023472 0.220352 0.596048 
-0.205953 1.270326 0.127827 
-0.143980 0.690236 -0.342985 
0.345261 0.183649 0.685962 
-0.373833 0.439256 0.432876 
0.613208 -0.120850 -0.114705 
0.320937 0.415255 0.803513 
-0.067291 -0.021796 0.311185 
-0.338452 0.473535 -0.091307 
0.412164 0.559808 0.563557 
0.023649 0.757228 -0.471415 
0.368010 -0.138779 -0.299268 
0.067939 0.867238 -0.841170 
0.632537 1.434543 -0.279869 
0.357985 0.079473 0.348218 
-0.093051 0.787199 -0.417663 
-0.042827 -0.006467 0.020000 
-0.338221 0.568510 -0.392450 
0.635328 1.387972 0.520743 
0.733993 1.176662 -0.402079 
0.170366 0.590494 -0.627267 
0.729262 1.247156 0.254775 
0.255723 0.748639 -0.554134 
0.043524 1.018707 -0.271141 
0.473654 1.332986 0.339080 
1.101842 -0.146938 0.246072 
0.460363 -0.320727 0.055225 
1.095540 0.259115 -0.212397 
1.110713 0.959167 0.025634 
0.541707 -0.167741 -0.463082 
0.462847 1.027590 -0.520241 
0.641379 0.641006 0.164486 
-0.339859 -0.117237 -0.296875 
0.190788 0.742098 -0.526978 
-0.423896 0.430635 0.304223 
0.877386 0.888501 -0.281370 
0.517810 0.896454 -0.261943 
1.092803 -0.311125 0.454989 
0.551677 0.116304 -0.657688 
0.392170 0.736509 -1.072512 
0.541339 1.292458 0.264773 
0.973434 0.135267 -0.604615 
1.226087 0.996853 -0.485541 
0.156804 0.771614 -0.457554 
1.174198 0.610048 0.385208 
-0.565840 1.445790 0.224394 
-0.275536 1.168715 0.738907 
1.354397 0.943051 -0.171165 
0.457696 1.027476 0.521372 
-0.142945 0.567109 -0.057003 
2.085509 0.014961 -0.272437 
0.746410 1.077342 0.256158 
0.866315 1.420830 0.266352 
0.446370 0.690391 -0.793858 
0.815667 1.339071 0.148674 
1.196401 0.368129 0.386493 
1.191075 1.092316 -0.057869 
1.185623 0.972745 -0.773562 
1.036054 0.494838 -0.307759 
-0.274764 1.084679 -0.621638 
1.586426 0.157100 0.353967 
-0.170459 1.188547 -0.143882 
1.102110 1.196248 0.398237 
0.842625 0.891320 0.274005 
1.331571 1.045574 -0.237735 
0.009723 1.622434 0.080110 
0.852587 0.574233 -0.620561 
0.415719 0.937067 0.493527 
0.525602 -0.069092 0.388725 
0.178719 0.447759 1.506462 
0.844677 1.146246 -0.175121 
1.589485 0.378071 -0.105180 
0.679517 -0.178320 0.398408 
1.149004 0.387830 -0.477890 
1.458998 1.043507 -0.092452 
0.088647 0.735771 -0.560273 
1.912908 0.223040 0.367416 
1.593955 0.717151 -0.624948 
-0.485493 0.580232 0.230378 
0.703525 0.937102 0.595969 
2.062387 0.322519 -0.179576 
-0.279307 0.553221 -0.848106 
0.783519 1.360952 -0.077773 
0.933778 0.942914 0.559399 
0.952723 0.618615 -0.639253 
0.644568 1.507351 0.196520 
0.555141 0.762717 0.804829 
0.688095 1.141280 0.610004 
0.447277 0.572794 -0.945909 
-0.128813 0.283130 -1.031877 
1.013004 1.066481 -0.433057 
0.013787 1.779053 -0.070169 
1.389017 1.359872 -0.226577 
-0.145714 0.462257 0.367598 
0.921580 0.621004 0.604181 
1.190944 1.181923 -0.130269 
0.661894 1.566787 -0.546467 
0.468040 1.046531 0.604186 
0.997318 1.192278 0.092159 
-0.212537 0.714463 -0.215870 
1.250705 1.089280 0.061532 
0.510036 1.117832 -0.285378 
0.000043 -0.000020 0.000000 
0.265722 -0.067984 -0.151141 
1.278468 0.645404 0.497865 
0.826333 1.333398 0.128736 
1.595711 0.000054 0.117935 
0.688112 1.586233 0.306393 
0.834649 1.181527 -0.128575 
-0.541004 0.751175 0.241555 
0.000011 -0.000007 -0.000001 
0.347254 1.075123 -0.647062 
0.500298 0.642163 -0.960794 
1.195150 -0.221918 -0.538278 
-0.069536 0.590673 -0.771977 
1.105784 0.923535 0.336851 
1.034190 0.531389 -0.406365 
1.786467 0.958650 0.683297 
0.019774 0.529903 -0.875383 
0.000020 -0.000009 0.000001 
0.130934 1.905510 -0.191551 
0.315079 1.603693 0.121913 
1.734458 1.057784 0.090526 
0.523711 1.748216 0.335378 
0.543660 1.469691 0.006445 
0.742573 1.008978 0.829350 
0.312607 1.237394 -0.088031 
1.308254 1.300661 0.099281 
1.106643 1.735224 -0.078116 
1.286202 1.545605 0.956166 
1.993924 0.469573 -0.245427 
0.122631 0.287151 0.679070 
0.782415 1.131269 0.025721 
-0.205917 1.255616 0.443752 
1.818628 -0.000069 -0.000063 
0.100299 1.042528 -1.188498 
1.233235 1.186795 -0.378550 
0.810335 0.370461 1.111950 
1.014903 0.024711 -0.667435 
1.700953 0.376696 -0.138153 
0.376929 1.598052 0.624706 
0.543719 -0.121819 0.010671 
0.540169 1.038333 0.592273 
1.227761 0.318657 0.703732 
0.293352 1.281791 0.265450 
1.057701 1.052074 0.007147 
0.070896 1.518351 -0.666144 
1.752724 -0.000017 0.000000 
1.024743 -0.234577 -0.335756 
1.345466 0.505618 -0.263764 
-0.424561 1.158425 0.415066 
1.267452 0.657411 -0.725826 
1.091993 0.711345 0.541700 
1.572081 0.795799 0.181843 
1.515449 0.141538 0.604021 
0.405021 -0.336830 0.455363 
0.242647 0.114164 -1.150645 
0.860606 -0.271390 0.478659 
0.770471 1.380309 -0.553720 
0.375968 1.108553 -0.508797 
1.021988 1.151406 0.110075 
1.835368 0.363548 -0.000000 
1.295270 0.785886 -0.213209 
1.734844 0.446602 0.003608 
0.900621 0.646302 0.433755 
1.357636 1.041329 0.245647 
0.362960 1.134426 0.515466 
1.078086 0.487980 -0.955655 
0.734097 0.383912 -0.770598 
1.021390 1.536682 0.721001 
1.050829 0.363817 0.762417 
-0.446338 0.110877 0.259894 
1.025494 0.337451 0.496703 
0.522194 0.985972 -0.623472 
1.197350 1.121269 0.256030 
0.977314 0.347337 -0.463040 
-0.354867 0.793898 0.466038 
0.311285 1.212300 0.110216 
0.928452 0.516906 0.787506 
0.704746 0.690948 0.983009 
0.033736 1.113024 -0.102255 
0.282014 0.753997 0.811862 
0.043114 0.959077 0.658213 
0.750961 1.375476 0.837697 
-0.016602 0.339468 -0.688443 
1.435878 1.025404 0.196433 
-0.867934 1.844661 0.301815 
0.656165 1.443690 0.554613 
-0.000000 0.000001 0.000000 
0.606258 0.822868 -0.678138 
1.067505 0.988806 0.479458 
-0.229413 0.671148 0.330952 
1.103761 1.219264 0.143961 
1.308836 -0.461573 0.131919 
0.335341 0.327018 0.628747 
0.907703 0.637065 0.810524 
1.306237 0.150939 -0.502588 
0.218334 0.855782 1.110154 
1.451215 0.985443 0.543162 
1.277752 0.058141 -0.594309 
0.388016 1.299999 0.337770 
0.926983 0.957571 -0.680118 
0.969284 1.552506 -0.098444 
0.945595 -0.260360 0.018703 
0.199550 0.785484 -0.748812 
0.659013 1.599739 0.106297 
0.263940 1.231253 -0.494096 
0.704956 0.908201 0.832691 
1.285520 0.664858 -0.298704 
0.811477 1.450071 -0.002356 
2.174407 0.766230 0.076479 
0.407785 0.796585 0.828635 
1.058550 1.031989 0.526925 
0.716574 0.907117 0.657608 
-0.371376 1.251195 0.826174 
1.160516 1.136404 -0.555048 
0.377602 0.838473 -0.496356 
-0.758468 0.459380 -0.348458 
0.712220 0.778414 0.796083 
0.854038 0.284342 -1.212594 
-0.053728 0.642958 0.390133 
0.995886 0.728684 0.385356 
-0.066968 0.735789 -0.709532 
-0.026988 0.136733 -0.577891 
1.262442 0.911324 0.040452 
1.249831 0.937574 -0.548726 
1.041807 0.018974 0.353587 
1.147742 0.692583 0.031167 
1.023492 0.692009 -0.681365 
0.540169 1.258433 0.983537 
-0.618667 1.784510 0.064970 
1.216907 1.151034 0.626489 
0.963867 1.335975 -0.230028 
1.478727 0.801238 0.526110 
-0.093725 1.580058 -0.206019 
0.483948 -0.280357 -0.171871 
0.948983 0.937765 0.661148 
-0.867336 1.905900 -0.391269 
-0.046416 0.904513 0.423134 
0.872983 1.063431 -0.580557 
0.500335 1.420780 -0.148664 
0.656879 1.289834 0.100838 
1.219214 0.493848 0.387412 
1.393174 1.665704 -0.359402 
0.839721 0.389780 -0.161882 
0.629935 0.427577 -1.051031 
-0.191736 0.175098 0.099920 
0.727983 0.986274 -0.315240 
-0.329567 0.268486 0.669868 
1.045705 0.260826 0.913273 
1.080330 1.343322 -0.038958 
1.437636 0.821014 0.267744 
0.923575 1.475108 0.310771 
0.956060 1.644626 0.286581 
0.755290 1.375876 -0.306774 
-0.414068 0.461358 -0.037772 
-0.055204 1.773133 -0.000230 
0.210031 0.466095 -0.520958 
0.742875 0.203095 0.495576 
0.628863 0.964861 -0.943734 
0.734175 1.615734 -0.254784 
1.459065 0.703602 -0.516419 
0.203580 0.225592 0.491152 
0.278614 -0.282751 -0.190560 
-0.391048 0.687522 -0.679888 
-0.141267 0.272493 0.041510 
0.526156 1.737774 -0.214854 
1.165719 1.140334 -0.470239 
1.303746 1.688501 0.183545 
1.387698 1.567494 -0.063493 
1.048548 1.416090 -0.065508 
0.159138 1.626232 -0.030418 
0.146272 0.966673 0.481592 
1.311423 0.869756 -0.527509 
0.984278 1.275580 -0.755102 
0.514177 1.457071 -0.252379 
0.787897 -0.074976 0.254834 
1.351233 0.270030 0.012316 
0.511911 1.419612 -0.184623 
0.824975 1.022866 0.098500 
1.460973 0.545638 0.570389 
0.921147 0.710632 0.660929 
0.919462 1.105819 0.566298 
1.196239 1.235458 -0.824117 
1.188952 0.940090 0.411844 
-0.330862 0.735214 -0.125462 
0.307913 0.036511 0.555462 
0.909040 1.429009 -0.012949 
0.809494 0.554199 0.907799 
0.067202 1.059894 0.402611 
0.974724 0.554926 -0.475094 
-0.109568 1.247881 -0.266178 
0.635116 1.308572 0.882902 
0.689723 1.070955 -1.011567 
1.627313 0.922039 -0.421628 
0.626758 1.135444 -0.439263 
0.180023 1.387480 -0.892615 
-0.295904 1.105305 -0.251568 
1.312329 0.746431 0.284027 
0.544722 0.398433 -0.942150 
1.312520 0.811360 0.050221 
0.260101 0.572430 -0.945321 
1.596882 0.069958 -0.247888 
-0.058106 0.068910 0.099004 
1.119601 1.459056 0.334937 
0.507293 0.509027 -0.906733 
0.647514 0.265310 0.807462 
0.117056 0.930102 0.643054 
0.536014 1.332955 0.647406 
1.626142 0.169829 -0.435096 
1.528083 1.046221 0.408078 
1.165637 -0.053176 -0.111869 
-0.303174 0.661065 0.092081 
1.217762 0.965605 0.259353 
-0.136594 1.564766 0.053223 
0.230453 1.189871 -0.170214 
1.415229 1.190697 0.263909 
0.789850 1.187849 -0.241542 
1.235101 0.482114 0.385207 
0.843622 0.938670 -0.074980 
1.066866 0.680486 0.250050 
0.757067 -0.051423 -0.574538 
0.620943 0.238895 -1.107415 
-0.098989 1.457152 -0.428395 
0.313767 -0.138485 -0.120402 
0.177537 -0.077539 0.348571 
0.484835 1.148763 0.680057 
0.861810 1.276358 -0.253075 
1.191349 -0.113233 0.434005 
-0.996168 1.233729 0.100830 
-0.206169 0.402428 0.173115 
0.492416 1.313132 0.359542 
1.484155 0.477852 0.678024 
0.686518 0.281520 0.835995 
0.229305 0.537927 0.746083 
1.134855 -0.132425 0.238690 
0.472117 2.049695 -0.003098 
1.043699 1.105901 -0.005581 
1.557825 0.570440 -0.879492 
0.837445 0.404355 -0.644468 
0.826703 0.929404 0.168415 
1.130924 0.126360 0.178412 
0.945880 -0.026074 0.066133 
1.015500 0.802913 -1.108500 
0.503999 -0.350623 0.240889 
0.996516 0.318957 -0.457944 
1.011427 0.400754 -0.264691 
-0.447337 0.531109 0.193480 
-0.126946 0.554982 -0.038335 
0.077646 1.125681 -0.643533 
-0.114124 0.214388 0.215003 
1.288866 1.001269 0.132216 
1.189546 0.843154 0.323083 
0.856953 1.308372 0.221624 
0.761710 1.015757 -0.297452 
0.497809 1.111125 0.607281 
-0.231970 1.483817 -0.718558 
1.752365 0.120964 0.158306 
0.870318 0.692986 0.816466 
0.362732 0.240029 -0.739295 
0.712596 1.250603 -0.052254 
-0.074255 0.513455 -0.296209 
0.968159 0.973557 0.566579 
-0.080321 1.234902 0.404002 
-0.035802 1.664549 0.216939 
-0.251765 0.734095 0.118125 
0.117365 -0.120917 0.223180 
1.118067 1.133396 0.421495 
1.116867 0.738944 0.790383 
0.500177 1.843479 0.251226 
0.431932 1.381060 0.780573 
-0.191894 1.066688 0.685026 
0.938739 0.857485 0.608379 
0.014331 0.126810 0.458149 
0.726636 1.517462 0.308172 
0.918085 -0.062054 0.514560 
-0.098019 0.872060 -0.419273 
1.207032 0.051663 -0.433953 
-0.064452 0.636689 -0.367306 
1.270554 0.370813 0.006066 
1.151410 1.494217 -0.155790 
0.192361 1.256028 -0.113543 
1.124836 1.370725 0.030036 
-0.042392 0.334601 -0.682128 
0.433435 1.554411 -0.848480 
-0.808520 1.387063 -0.770285 
-0.235538 1.099313 0.225539 
0.626691 1.232032 0.091296 
1.524124 -0.196584 0.521918 
0.934662 0.532107 -0.257827 
0.630729 1.274499 0.249118 
0.692526 0.333651 0.447282 
0.072841 0.842979 -0.442569 
0.147501 0.419877 -0.840796 
1.058417 0.088220 -0.337738 
1.089076 0.712091 0.167910 
0.681756 0.914654 -0.616370 
0.326110 1.372712 -0.185970 
0.777947 0.667513 0.852579 
0.452790 1.288177 0.566304 
0.599283 1.373438 0.251195 
1.664436 1.277969 -0.705532 
-0.264425 0.214557 -0.316848 
0.485076 1.273672 -0.131612 
1.765845 0.984272 0.408673 
-0.330317 1.094844 0.063295 
1.149219 0.980478 0.303168 
1.260300 0.477496 -0.450621 
-0.031518 0.111843 -0.193634 
0.128056 0.699472 -0.801937 
0.368436 0.415448 -0.657756 
0.699401 1.378502 0.773297 
1.131675 0.730815 0.944025 
1.467016 1.253209 -0.209771 
-0.208850 1.290307 -0.254640 
1.078913 0.920015 0.046964 
0.898935 -0.049364 0.475934 
0.897616 0.496684 0.812320 
0.371959 0.710258 -0.571433 
0.046483 -0.103916 0.197022 
0.957992 0.573241 -1.090171 
-0.073390 0.793704 -0.023922 
1.180294 0.568858 -0.333370 
0.275149 0.311489 0.650114 
-0.692260 1.007338 0.264065 
1.266102 -0.224543 -0.633385 
0.773378 0.019653 0.379493 
0.701087 0.181534 0.335434 
0.156561 1.443788 -0.496325 
1.001745 1.043603 -0.069364 
0.298126 1.123659 -0.340523 
0.849697 0.280658 0.472067 
0.814440 1.408111 0.401752 
1.093697 0.297594 -0.441706 
-0.331537 0.983765 0.906659 
1.155894 0.719990 -0.217747 
-0.215630 0.128531 0.343962 
0.271267 1.014108 -0.182445 
0.522200 1.691903 0.291914 
0.863561 -0.221599 -0.243921 
0.932033 1.580651 0.542723 
1.106568 1.571018 0.157093 
1.657845 1.119069 -0.206749 
-0.359145 0.292553 0.408835 
-0.203151 0.300846 -0.188394 
-0.219023 0.787927 0.324951 
0.703069 0.074018 0.647508 
0.958211 0.163918 -0.104100 
0.731313 -0.075735 0.097252 
0.928034 1.321840 0.160423 
1.413060 0.484077 -0.315360 
1.052945 1.358992 0.104103 
0.517319 0.991097 0.797244 
1.330155 0.201753 -0.130129 
-0.170520 0.457141 -0.231771 
-0.131348 0.502260 0.720623 
0.819320 0.853308 -0.988151 
1.438820 1.208522 -0.022305 
1.498933 -0.021725 -0.127524 
0.876436 0.943358 -0.957707 
-0.134977 0.555041 0.395282 
0.756288 0.541982 0.496437 
0.881516 1.152187 0.051383 
-0.074609 0.763194 -1.004237 
0.322528 0.193236 0.570267 
0.130272 0.977040 -0.276864 
-0.101980 0.985439 -0.632686 
-0.008685 1.818903 -0.360167 
1.321924 0.951493 0.303818 
0.432086 1.268996 -0.632932 
0.028697 0.054968 0.019064 
-0.014207 0.291095 0.477202 
0.192921 0.032189 -0.588265 
-0.158192 0.901768 -0.520316 
1.424329 1.094889 0.646550 
1.428144 0.719105 0.515392 
0.705044 1.244914 -0.450108 
1.031135 0.845877 -0.380432 
0.101395 1.399328 0.461458 
0.242320 0.752922 0.745650 
0.612796 -0.281067 -0.055695 
0.813068 1.665060 -0.154850 
1.424764 0.936556 0.087268 
-0.165430 0.257823 -0.355715 
0.570698 0.357857 0.600217 
0.040973 1.233568 -0.362701 
0.993517 0.401235 0.465558 
0.296239 1.784508 0.064525 
0.414506 0.858025 -0.513406 
-0.377585 0.976312 -0.202636 
1.526499 0.514774 0.110074 
0.667204 1.156297 -0.196607 
0.932651 0.832767 -0.837527 
0.550939 1.316415 -0.774166 
-0.820838 1.156468 -0.194097 
0.537947 -0.062993 -0.367825 
0.263948 0.124949 0.620333 
1.080333 0.795224 -0.155826 
1.360552 0.481688 -0.273232 
0.910681 0.734239 -0.687395 
0.389761 0.211248 -0.461880 
1.049596 0.247118 -0.571644 
-0.378151 0.742508 0.581078 
0.675405 -0.063251 0.469583 
0.015690 0.874090 -0.538339 
0.934580 1.332405 0.028587 
1.540061 1.117717 -0.368513 
0.577863 0.239358 -0.477153 
1.391183 0.990440 -0.700678 
0.623700 1.294654 0.005364 
0.532820 0.375153 1.184025 
0.620540 0.335290 -0.535151 
0.618048 1.307849 0.175375 
0.751919 0.844768 0.855506 
-0.749663 1.468896 0.618662 
1.261947 1.526348 -0.227528 
0.156656 1.164774 0.513939 
0.668053 1.394685 -0.829161 
0.420506 0.771148 -0.732033 
-0.252025 0.993249 -0.015791 
0.517141 1.244068 0.060211 
0.201939 1.253559 0.883320 
0.392782 1.046491 -0.398558 
0.802858 -0.387670 0.050258 
0.560768 1.417982 0.048791 
2.125580 0.578461 0.005801 
1.329579 0.631126 -0.621608 
0.336655 1.237771 -0.341911 
-0.011338 0.576059 -0.693897 
0.243046 0.894097 -0.705448 
0.730151 0.372588 0.626167 
0.219474 -0.139710 -0.216449 
0.095619 0.364918 0.754991 
0.250720 0.533364 0.811122 
0.460114 0.329881 0.597644 
2.161950 -0.073554 0.252967 
0.931339 -0.018187 0.337596 
1.033227 1.125051 0.179821 
-0.116291 1.129989 -0.500966 
-0.284012 0.858278 0.309077 
0.286411 0.292690 0.618924 
-0.326466 1.242721 -0.171190 
0.232896 0.361397 -0.584317 
1.027072 0.999661 -0.701368 
0.300936 0.183344 0.846426 
-0.166494 0.500811 0.557746 
1.358615 0.019303 -0.021964 
0.459940 0.872741 -0.535289 
0.586835 0.584345 0.725623 
1.075950 1.288765 0.795653 
0.388906 0.375763 1.139777 
0.420077 1.390655 0.622669 
0.523560 1.368076 -0.411227 
-0.155389 1.153239 -0.095998 
1.891228 0.763940 -0.746065 
0.733910 0.149549 -1.110094 
1.049799 1.069456 -0.140810 
0.565201 1.093641 0.561233 
1.464854 1.023509 0.739813 
0.952589 1.462275 -0.287275 
0.893076 1.065451 0.222716 
0.361430 -0.049151 0.628973 
0.638077 1.195680 0.227286 
0.903559 0.671011 0.186650 
0.261563 1.118265 -0.733448 
0.001214 0.149767 0.604934 
1.312599 1.256513 0.149986 
1.405200 0.803410 0.191787 
0.197618 1.405377 0.344642 
0.476386 1.071144 0.060185 
0.132497 -0.222039 0.234462 
0.660943 0.347802 0.464851 
1.102460 1.363596 -0.205939 
0.992247 1.143195 -0.396428 
-0.058724 0.472688 0.429971 
0.012624 0.472744 -0.559097 
1.176180 0.794421 -0.068895 
0.067436 1.583076 -0.356410 
1.451217 0.087923 -0.199723 
1.179031 1.441595 -0.181869 
-0.223544 0.097699 -0.769449 
0.231090 1.313865 -0.499383 
0.203019 -0.011980 -0.242486 
1.231516 -0.034826 -0.931164 
1.368496 0.882907 -0.279307 
1.283125 1.349698 0.405823 
0.456525 0.435021 -0.925429 
-0.142875 0.518333 0.632086 
-0.068648 0.362731 0.469848 
-0.390199 0.176880 -0.555750 
1.700556 0.403088 0.325457 
0.326002 1.536608 -0.254131 
0.503282 1.280051 0.362424 
-0.296587 0.698408 0.556050 
1.189428 0.686860 0.257298 
-0.085397 -0.219732 -0.454855 
0.801317 1.464934 -0.056851 
0.837453 0.174468 0.751238 
0.408199 -0.185008 0.105012 
1.121325 1.280247 0.116353 
1.573775 0.826385 0.076468 
0.054429 1.470712 -0.160256 
1.627850 0.818846 -0.041179 
1.624729 0.566609 0.020993 
-0.118726 0.968781 -0.021581 
1.233387 0.500830 -0.356604 
0.614506 1.220383 -0.970753 
0.763030 0.436075 0.668860 
0.755871 0.582807 0.812787 
0.715667 -0.214453 -1.047181 
1.234457 1.157504 -0.493063 
0.768606 0.222726 -0.156820 
0.682561 -0.290935 0.039276 
1.051407 0.018507 -0.590253 
0.943551 1.172295 0.832371 
0.044850 0.972098 0.459916 
-0.101063 0.289989 -0.268398 
0.020002 0.844020 -0.397335 
0.162668 1.138198 0.348286 
0.655253 1.094083 -0.737326 
0.839875 0.765002 -0.722834 
0.595273 0.879144 -1.277947 
0.833577 0.616923 0.478829 
1.066321 0.255981 0.178585 
1.119594 -0.290092 0.139539 
0.406431 -0.153165 -0.394396 
0.545163 1.064560 -0.484476 
-0.278470 0.102919 -0.179071 
1.453038 0.922442 -0.602730 
0.629983 1.452669 -0.548255 
1.265240 0.667473 -0.204709 
1.511893 0.162769 0.188531 
0.941131 0.077632 0.227098 
1.319043 0.675935 -0.118172 
-0.064091 0.551758 -0.952923 
0.196639 0.615949 1.433261 
0.187266 0.448081 0.522332 
0.223627 0.965886 0.420021 
0.446358 0.965301 0.448609 
1.209484 0.756447 0.558568 
1.351711 0.855866 0.177814 
0.578389 1.338412 -0.235581 
-0.304996 0.617963 0.952858 
0.694053 1.639254 -0.083667 
-0.054295 1.006760 0.442883 
-0.343670 1.332379 -0.258933 
0.620725 -0.049868 -0.058380 
-0.336259 0.634753 -0.228520 
0.066870 0.563073 0.758484 
1.357535 0.593213 0.612630 
1.005904 1.573995 -0.327376 
0.791991 1.292953 -0.063909 
0.158598 1.771132 -0.226823 
0.676063 0.993051 0.748525 
1.269831 1.240804 0.363255 
0.367328 1.347636 -0.354089 
0.635396 0.043854 0.187255 
-0.121869 0.604571 -0.388946 
1.115348 1.297708 0.665075 
0.385002 0.904346 0.569223 
0.942719 0.565036 -1.196484 
1.058958 0.227332 -0.225513 
0.703956 1.190073 0.680233 
-0.093696 1.116130 -0.141602 
1.867309 0.899316 0.001760 
1.099994 0.665480 0.383043 
0.588040 1.590774 -0.179426 
1.559727 1.443942 -1.018148 
0.407823 1.142819 0.147719 
1.188530 0.483728 0.619760 
1.078282 -0.088708 0.202603 
0.507196 0.111313 -0.445380 
0.881306 0.096154 0.214715 
0.413931 0.834659 -0.517468 
0.813986 1.438940 0.169041 
1.149690 1.059477 -0.454063 
1.173168 1.335793 0.293061 
0.271129 -0.011827 -0.612691 
-0.170818 0.984997 -0.782284 
0.214085 0.581679 0.613422 
1.261519 0.901329 -0.456685 
0.309799 0.732035 0.937476 
0.695171 1.025143 0.685487 
1.227525 1.633152 0.293102 
0.532504 1.750124 0.537561 
1.089512 -0.137525 -0.188975 
1.215961 0.933839 -0.604350 
0.824690 1.444436 0.113278 
-0.612734 1.167526 0.198213 
0.195257 -0.102629 0.083744 
0.658200 -0.110929 0.139215 
0.043047 0.861632 -0.374960 
1.556004 0.556698 0.928753 
1.506539 0.467261 -0.142574 
0.890954 1.068706 -0.486328 
0.861655 1.099743 0.030187 
0.081540 1.194113 0.230288 
0.457832 0.006012 0.733132 
0.618102 0.333648 -0.521155 
0.724138 0.190345 0.808068 
0.488963 0.017150 -0.249916 
-0.064857 1.217823 -0.197272 
0.310821 0.060451 -0.565911 
1.153800 0.317413 -0.641889 
1.570785 0.736664 -0.382953 
0.744674 1.248470 -0.492468 
0.825673 1.277783 -0.592113 
1.204783 0.015212 -0.629589 
0.145111 1.297095 0.927688 
0.101346 0.150042 -0.101221 
1.166516 1.890378 -0.495700 
0.148026 1.117642 -0.144722 
1.593652 0.690907 -0.238843 
0.071764 0.980169 0.011534 
1.222428 0.619687 0.254673 
-0.134543 -0.104393 -0.178531 
-0.072682 -0.008883 -0.012972 
0.088045 -0.040363 -0.449514 
0.068943 0.000164 0.418246 
1.420117 0.418075 0.177938 
-0.050863 0.056779 0.371446 
-0.080998 0.036738 -0.178353 
-0.159373 0.101307 -0.383380 
-0.134998 0.047296 0.025220 
-0.448257 0.242953 -0.330472 
0.140435 -0.089858 -0.094974 
0.190508 -0.128021 0.101797 
0.119768 -0.322280 -1.575752 
