-152.6962146015
-152.6903977538
-152.6598988849
-152.6790768440
-152.6934098697
-152.6754280349
-152.6804161573
-152.6967264503
-152.6537877084
-152.6239490713
-152.6924803587
-152.6899862055
-152.6920346951
-152.6757028670
-152.7039934065
-152.6202974276
-152.6977012690
-152.6550822522
-152.6701724253
-152.6768521374
-152.6707970927
-152.6571667733
-152.6388798926
-152.6494780673
-152.6577055923
-152.6558633822
-152.6401692417
-152.6787186888
-152.6431646212
-152.6572964450
-152.6481632398
-152.6663051338
-152.6685871376
-152.6650059951
-152.6417983011
-152.6740910851
-152.6296771510
-152.6866917812
-152.6820937980
-152.6790614429
-152.6749919209
-152.6837463860
-152.6682174392
-152.6269121240
-152.6641546948
-152.6703146860
-152.6446157649
-152.6810142581
-152.6581636417
-152.6441674887
-152.6811010002
-152.6813748949
-152.6582955374
-152.6837025248
-152.6187529450
-152.6800205944
-152.6525187353
-152.6449307215
-152.6745095572
-152.6044654885
-152.6589044064
-152.6944308188
-152.6572427413
-152.6430055352
-152.6499649444
-152.6706101156
-152.6693502917
-152.6574611563
-152.6856244877
-152.6547514035
-152.6924808752
-152.6606868516
-152.6818479868
-152.6421280014
-152.6210309758
-152.6841232533
-152.6912377308
-152.6560997722
-152.6805593887
-152.6629803129
-152.6870135792
-152.6286005114
-152.6712099968
-152.6953735482
-152.6448972154
-152.6812000330
-152.6965108600
-152.6499608166
-152.6484931936
-152.6488513052
-152.6086963887
-152.6537544164
-152.6565327797
-152.6834761684
-152.6777686081
-152.6878287460
-152.6536478014
-152.6409072878
-152.6721474856
-152.6912789761
-152.6797579769
-152.6621677629
-152.6409686024
-152.6923619227
-152.6697815778
-152.6615751567
-152.6682883685
-152.6513936805
-152.6455597441
-152.6262303208
-152.6841786501
-152.6782409849
-152.6340570078
-152.6141242801
-152.6892886440
-152.6934043552
-152.6985698681
-152.6767702301
-152.6210301217
-152.6619851964
-152.6190090107
-152.6487727016
-152.6616614400
-152.6566712015
-152.6728699102
-152.6492636299
-152.6730105239
-152.6512380073
-152.6385050378
-152.6423995490
-152.6707211728
-152.6328947784
-152.6819433672
-152.6455871246
-152.6739103096
-152.6302649663
-152.6824705746
-152.6448806309
-152.6657268151
-152.6745010748
-152.6730426392
-152.6195076486
-152.6742953361
-152.6578204251
-152.6683537569
-152.6256224106
-152.6574286018
-152.6558340406
-152.6486295037
-152.6775790969
-152.6387002692
-152.6641569006
-152.6776556189
-152.6062201049
-152.6683686572
-152.6076908921
-152.6322726701
-152.6779280988
-152.6754165188
-152.6596925827
-152.6468486063
-152.6103846976
-152.6060256667
-152.6695467317
-152.6369334432
-152.6660538316
-152.6612356409
-152.6904127806
-152.6790293125
-152.6384091167
-152.6514427971
-152.6040836224
-152.6660392016
-152.6542755981
-152.6832549194
-152.6388118952
-152.6464019231
-152.6712333476
-152.6796375663
-152.6248989063
-152.6739985389
-152.6691423861
-152.6431179139
-152.6843851743
-152.6602635800
-152.6569795000
-152.6752212372
-152.6877258646
-152.6206902170
-152.6570733390
-152.6382454584
-152.6588985073
-152.6125464243
-152.6116891011
-152.6462728454
-152.6586705504
-152.6533824964
-152.6459802988
-152.6277843807
-152.6582599021
-152.6544982392
-152.6284448637
-152.6643682250
-152.6223568122
-152.6499464830
-152.6695869401
-152.6896059088
-152.6548329436
-152.6612839453
-152.6114462302
-152.6761165855
-152.6463733157
-152.6125748868
-152.6517699253
-152.6645119988
-152.6687873624
-152.6964241744
-152.6045084374
-152.6196551878
-152.6462909453
-152.6789828424
-152.6510788823
-152.6526753638
-152.6294815378
-152.6801144539
-152.6531235540
-152.6910646573
-152.6626999385
-152.6254134341
-152.6166632897
-152.6528269199
-152.6748658873
-152.6550784995
-152.6026252922
-152.6334227120
-152.6622684405
-152.6767575895
-152.6749809369
-152.6133431883
-152.6382803954
-152.6447285451
-152.6502989246
-152.6134849722
-152.6532413774
-152.6081164236
-152.6055315361
-152.6814942526
-152.6123147848
-152.6280670476
-152.6190457470
-152.6326282139
-152.6500366898
-152.6207488222
-152.6710933749
-152.6563940264
-152.6315027291
-152.6517559117
-152.6355834217
-152.6770228256
-152.6370344581
-152.6786995562
-152.6271317503
-152.6828375833
-152.6801517420
-152.6649958037
-152.6011124651
-152.6460842780
-152.6468828214
-152.6267641491
-152.6248917331
-152.6298916056
-152.6355686953
-152.6692939385
-152.6420473684
-152.6766785458
-152.6260978238
-152.6377016454
-152.6729693363
-152.6396030695
-152.6791036811
-152.6703661559
-152.6630585928
-152.6436449808
-152.6457629208
-152.6049768993
-152.6595604076
-152.6674823796
-152.6666352348
-152.6723551764
-152.6276234375
-152.6075395098
-152.6319015267
-152.6784054848
-152.6675267757
-152.6608470540
-152.6460714378
-152.6461062229
-152.6348179089
-152.6787807898
-152.6663371320
-152.6266860166
-152.6556641235
-152.6779658915
-152.6537231598
-152.6700735126
-152.6385116318
-152.6669845133
-152.6075942477
-152.6385498171
-152.6069512367
-152.6623342297
-152.6568538191
-152.6138070252
-152.6102770002
-152.6120702445
-152.6684663121
-152.6194118965
-152.6378106093
-152.6339311045
-152.6333284473
-152.6326991965
-152.6213971615
-152.6141134806
-152.6437909359
-152.6428070208
-152.6388804056
-152.6344950955
-152.6468237924
-152.6075389328
-152.6192058003
-152.6772118822
-152.6222347386
-152.6084947833
-152.6127362818
-152.6146629478
-152.6363238162
-152.6217074284
-152.6205093023
-152.6172713508
-152.6321934401
-152.6401804366
-152.6238378765
-152.6300231467
-152.6299872782
-152.6602710961
-152.6179592484
-152.6473657589
-152.6647217621
-152.6508584942
-152.6329479578
-152.6096022426
-152.6376551871
-152.6211659136
-152.6313552902
-152.6344428043
-152.6646389219
-152.6742397377
-152.6288626893
-152.6493793862
-152.6093848536
-152.6386909514
-152.6202756498
-152.6275767667
-152.6472416491
-152.6335081172
-152.6633729178
-152.6394259974
-152.6468635913
-152.6210329548
-152.6161407792
-152.6466882926
-152.6194860636
-152.6437099339
-152.6625273404
-152.6640772929
-152.6395875135
-152.6316040650
-152.6384163259
-152.6159496172
-152.6298610013
-152.6380266947
-152.6289376200
-152.6535196221
-152.6179869855
-152.6137178785
-152.6487246531
-152.6050358685
-152.6358048197
-152.6035381910
-152.6193089987
-152.6541534615
-152.6334158737
-152.6302787772
-152.6145760572
-152.6311473914
-152.6290673153
-152.6425196558
-152.6075371211
-152.6214798333
-152.6374319443
-152.6533231716
-152.6022266530
-152.6465875552
-152.6582234232
-152.6259901270
-152.6234545042
-152.6403341261
-152.6414939254
-152.6268546644
-152.6410240062
-152.6199927854
-152.6057588129
-152.6149064670
-152.6092110683
-152.6100096337
-152.6131847410
-152.6234892620
-152.6327248874
-152.6391802809
-152.6316068884
-152.6218915934
-152.6430226228
-152.6228603916
-152.6623884271
-152.6524226334
-152.6385335112
-152.6523235743
-152.6482102516
-152.6413536311
-152.6583311778
-152.6214388268
-152.6329682342
-152.6049076823
-152.6255600668
-152.6425810140
-152.6193911590
-152.6066557528
-152.6081976679
-152.6065984177
-152.6383808767
-152.6088653990
-152.6649145802
-152.6496129436
-152.6397912786
-152.6579585097
-152.6419879996
-152.6562295779
-152.6200265115
-152.6242263481
-152.6237046933
-152.6246918946
-152.6450088799
-152.6302268783
-152.6448833940
-152.6205800164
-152.6186666764
-152.6460352989
-152.6248832552
-152.6412945522
-152.6420866182
-152.6806569837
-152.6280492832
-152.6151454497
-152.6637122059
-152.6697900155
-152.6239305917
-152.6345539599
-152.6606992286
-152.6118143355
-152.6664264144
-152.6353639191
-152.6152479202
-152.6567694726
-152.6576527857
-152.6369147813
-152.6474506027
-152.6088783391
-152.6602357770
-152.6398769432
-152.6373660134
-152.6260744348
-152.6260592446
-152.6365732788
-152.6394534806
-152.6158213596
-152.6695474599
-152.6143958269
-152.6350635781
-152.6388890575
-152.6101199418
-152.6218378726
-152.6672128717
-152.6251013788
-152.6089386233
-152.6413331211
-152.6643404877
-152.6216145597
-152.6674683177
-152.6598923115
-152.6070238576
-152.6285666146
-152.6590642864
-152.6242926519
-152.6690675293
-152.6311972213
-152.6567796320
-152.6087858900
-152.6325441716
-152.6413441780
-152.6294585620
-152.6563525246
-152.6482451096
-152.6656518830
-152.6372439717
-152.6440884347
-152.6379577707
-152.6495299931
-152.6703576981
-152.6637164076
-152.6480335484
-152.6726994108
-152.6394544952
-152.6360132756
-152.6507837820
-152.6615905758
-152.6493626320
-152.6601007916
-152.6577205867
-152.6462319559
-152.6377658829
-152.6417247150
-152.6667422651
-152.6408183601
-152.6176346787
-152.6269548662
-152.6702829478
-152.6244024781
-152.6753572358
-152.6194830478
-152.6124500013
-152.6308537296
-152.6048371004
-152.6648839312
-152.6600944223
-152.6288846915
-152.6586408413
-152.6027377471
-152.6421677897
-152.6651891336
-152.6509161558
-152.6866380574
-152.6814945312
-152.6849285435
-152.6606626649
-152.6766118253
-152.6813551865
-152.6829575751
-152.6838906535
-152.6843461055
-152.6858947733
-152.6952292399
-152.6777238000
-152.6834387360
-152.6193629104
-152.6390511567
-152.6467551824
-152.6539355633
-152.6268817562
-152.6584419265
-152.6535186992
-152.6765865811
-152.6488634834
-152.6899517886
-152.6879610813
-152.6589378661
-152.6710973405
-152.6594829071
-152.6529017292
-152.6617645873
-152.6748829958
-152.6534676614
-152.6589946083
-152.6705873397
-152.6673038415
-152.6330890537
-152.6427904172
-152.6780322107
-152.6573856873
-152.6422747505
-152.6809055093
-152.6474248408
-152.6491333796
-152.6785984187
-152.6830800470
-152.6864135735
-152.6415188891
-152.6645628396
-152.6603463863
-152.6772464634
-152.6884410805
-152.6632611149
-152.6473930487
-152.6664381718
-152.6517795359
-152.6584563927
-152.6540415949
-152.6537198928
-152.6835679582
-152.6266735026
-152.6857467428
-152.6425789675
-152.6618312900
-152.6437394548
-152.6849122778
-152.6807622270
-152.6419184885
-152.6762657214
-152.6742734932
-152.6564490594
-152.6766456921
-152.6463088312
-152.6683809393
-152.6618503969
-152.6576713262
-152.6485601563
-152.6585497868
-152.6414585347
-152.6403043184
-152.6553845697
-152.6076111693
-152.6556793545
-152.6643144553
-152.6423784744
-152.6352466835
-152.6218025840
-152.6320457371
-152.6632202265
-152.6773040473
-152.6727418740
-152.6711429229
-152.6319356977
-152.6466566845
-152.6104478453
-152.6646534621
-152.6603780344
-152.6835062223
-152.6736099710
-152.6555407954
-152.6497749574
-152.6506574586
-152.6650862842
-152.6150883702
-152.6424286478
-152.6810013081
-152.6492560986
-152.6712784909
-152.6335164616
-152.6368015344
-152.6648800715
-152.6668517815
-152.6452808074
-152.6891806111
-152.6573541462
-152.6704471462
-152.6714820743
-152.6627797448
-152.6460754167
-152.6205266128
-152.6319379825
-152.6630322028
-152.6829709935
-152.6413273559
-152.6490533395
-152.6083858207
-152.6398826921
-152.6727996622
-152.6473605388
-152.6677386384
-152.6526506301
-152.6683823246
-152.6783797053
-152.6191858140
-152.6687519552
-152.6199778041
-152.6651931168
-152.6799244877
-152.6725810904
-152.6455745836
-152.6594239074
-152.6538357402
-152.6611876343
-152.6770792099
-152.6689493774
-152.6771358046
-152.6226274944
-152.6542489595
-152.6529212050
-152.6588516428
-152.6413736386
-152.6783019823
-152.6842131091
-152.6044468882
-152.6758292480
-152.6293625852
-152.6554457905
-152.6636478267
-152.6435261241
-152.6802434224
-152.6715848033
-152.6758325259
-152.6721131140
-152.6286394929
-152.6299325009
-152.6258180302
-152.6117901457
-152.6375673927
-152.6789871814
-152.6833984011
-152.6374610410
-152.6791105839
-152.6756531122
-152.6268204480
-152.6650478237
-152.6214927984
-152.6533712156
-152.6596197717
-152.6867458184
-152.6273324128
-152.6582180389
-152.6745678330
-152.6182000173
-152.6522963294
-152.6674054830
-152.6646259623
-152.6640101658
-152.6529138695
-152.6290069306
-152.6107613810
-152.6119000337
-152.6412562475
-152.6501518952
-152.6630683153
-152.6897514541
-152.6793816793
-152.6371577096
-152.6722292223
-152.6083369182
-152.6449722455
-152.6389210373
-152.6558000233
-152.6335684180
-152.6751546952
-152.6321657032
-152.6366304348
-152.6670054940
-152.6418128929
-152.6486741493
-152.6746758619
-152.6637077751
-152.6332530596
-152.6307501890
-152.6394804273
-152.6306481514
-152.6075445761
-152.6337577046
-152.6271939203
-152.6428516121
-152.6164560942
-152.6510260084
-152.6339348495
-152.6708686734
-152.6670389488
-152.6375070423
-152.6846709009
-152.6063622805
-152.6361626371
-152.6425022213
-152.6082164273
-152.6448874685
-152.6347241501
-152.6209246888
-152.6596876724
-152.6145461845
-152.6686838429
-152.6478663034
-152.6194928629
-152.6416874602
-152.6636951034
-152.6601534158
-152.6635427700
-152.6393953237
-152.6741303217
-152.6161587093
-152.6037838463
-152.6320482280
-152.6347535036
-152.6499722176
-152.6405336164
-152.6103046593
-152.6635851190
-152.6528444718
-152.6147810415
-152.6554620748
-152.6518639006
-152.6612084724
-152.6693671913
-152.6139035531
-152.6292674174
-152.6203212786
-152.6100977614
-152.6291739035
-152.6628576220
-152.6616629037
-152.6476861253
-152.6270020231
-152.6261059284
-152.6088011963
-152.6621230186
-152.6647370722
-152.6469927344
-152.6657874606
-152.6422200733
-152.6325961094
-152.6589394515
-152.6282291212
-152.6533818783
-152.6461935905
-152.6451516908
-152.6528911851
-152.6430959758
-152.6324772696
-152.6550288981
-152.6592445825
-152.6512759546
-152.6713533921
-152.6369168445
-152.6527613061
-152.6511610495
-152.6852101301
-152.6440934299
-152.6122194485
-152.6599937192
-152.6489580495
-152.6452853942
-152.6190114718
-152.6357769179
-152.6760681262
-152.6820769950
-152.6325948582
-152.6176734156
-152.6474661894
-152.6501171409
-152.6640353972
-152.6281786915
-152.6652199034
-152.6207008623
-152.6511844753
-152.6331560755
-152.6570521830
-152.6530604433
-152.6589829926
-152.6414332640
-152.6773494342
-152.6370703122
-152.6280378387
-152.6366681722
-152.6590334431
-152.6569804182
-152.6348968681
-152.6591042865
-152.6553663087
-152.6653449958
-152.6791713306
-152.6438778478
-152.6579707366
-152.6444269247
-152.6582772830
-152.6198416777
-152.6321016430
-152.6195623717
-152.6562963980
-152.6419530335
-152.6624992917
-152.6583455178
-152.6490667210
-152.6066318404
-152.6255856605
-152.6482704874
-152.6157422647
-152.6499023186
-152.6700296012
-152.6105601144
-152.6323633575
-152.6344329239
-152.6398443918
-152.6528946088
-152.6476963232
-152.6466792962
-152.6054482983
-152.6649535961
-152.6090336674
-152.6130567290
-152.6773811474
-152.6089173135
-152.6539626473
-152.6276289025
-152.6624492476
-152.6556490525
-152.6225471715
-152.6674644877
-152.6365473766
-152.6305486972
-152.6399570473
-152.6417783339
-152.6410194614
-152.6048272418
-152.6663233232
-152.6261007016
-152.6176842919
-152.6685293223
-152.6377434856
-152.6299938642
-152.6472044379
-152.6612751973
-152.6453405375
-152.6402406959
-152.6464722660
-152.6140634264
-152.6479214920
-152.6480542262
-152.6199521345
-152.6149332791
-152.6099729609
-152.6813905319
-152.6787859160
-152.6549085268
-152.6206090458
-152.6134796311
-152.6296069144
-152.6222880938
-152.6320587018
-152.6127844676
-152.6818645134
-152.6889832910
-152.6609682659
-152.6411671888
-152.6362405019
-152.6368003787
-152.6245146695
-152.6158827228
-152.6487286140
-152.6572504375
-152.6781065792
-152.6587643586
-152.6146613415
-152.6151551172
-152.6140283618
-152.6483858061
-152.6066304053
-152.6085590105
-152.6535556351
-152.6613043223
-152.6573002350
-152.6760618806
-152.6115468740
-152.6181596452
-152.6157933776
-152.6557315508
-152.6753329061
-152.6162273983
-152.6657616997
-152.6626154679
-152.6095796635
-152.6840144994
-152.6242121270
-152.6112405468
-152.6671931621
-152.6389339799
-152.6526936723
-152.6562569448
-152.6033049722
-152.6759932919
-152.6364398145
-152.6113233754
-152.6582331818
-152.7047176565
-152.6976156803
-152.6854264094
-152.6826307704
-152.6910162734
-152.6990431052
-152.6881103166
-152.6808096459
-152.6840975556
-152.6937583002
-152.6870720644
-152.6802740485
-152.6900895734
-152.6906728715
-152.6940072267
