44.6509465746 0.243399192651 0.334889547807 0.247233078747 43.3603881834 0.683776936475 0.341375078359 0.698283223123 44.4678410713
44.4182013382 -0.411897193789 0.180566800526 -0.408303164752 45.3935720149 -1.08571129873 0.169968531094 -1.07834448249 44.4768895263
44.2014196774 0.410075085979 -0.421506480086 0.405627530536 46.9604737219 -0.792489575297 -0.41915830993 -0.765957399889 43.8566894684
44.701673875 -0.59699552147 0.605220018292 -0.589208469328 45.3033144626 -0.41515503497 0.60757251473 -0.402104664711 45.7480052257
44.4264766727 0.736643245872 -0.0582349618831 0.743861647466 43.9937339374 -0.442677935462 -0.0638420784856 -0.439527096642 44.8933879856
43.9694002763 -0.23666563899 -0.0877608344618 -0.227038770998 45.4676835731 0.36730745065 -0.0895897020292 0.373496047264 43.5751188967
46.160661816 -0.242024022934 1.04352809313 -0.22617365945 44.682921677 -0.665074594891 1.03940819281 -0.665143721885 44.9916943626
43.2966958491 -0.871965326349 -0.652834711127 -0.858998691929 42.9693079689 -0.00514914417469 -0.660635705863 -0.00675022971193 43.1149281336
44.9848359058 0.174481240031 -0.301741517929 0.189791587686 45.4515680095 -0.0799422146574 -0.3034107735 -0.0648051522858 45.2688309532
43.8717028725 0.0751643609662 -0.801363384179 0.0823122220441 44.6122947315 0.51049663439 -0.793538811366 0.525647023322 44.5129617004
43.2125366323 -0.130052720833 -0.256348155092 -0.122962952922 44.4168746758 0.0884482837605 -0.263885194045 0.0971518250796 44.4064567176
44.3455650613 -0.65326276244 0.0595914571787 -0.648596672653 45.2533235809 -0.563147298416 0.0541383564984 -0.546994901518 44.5644078714
43.2481181525 0.301258535724 1.03921582708 0.322306686105 44.1294525923 0.418985509476 1.04366562975 0.418538838772 42.9809965021
43.1752130234 -0.468237474423 -0.000558157296168 -0.46158305215 43.9072244298 -0.629657703782 -0.000233441242147 -0.61711468762 44.6327405567
44.5693414591 0.311624504938 0.0818290900209 0.327342496975 44.9548004409 0.418800697396 0.0825783050801 0.426219044618 45.0399872053
43.8426683856 0.631813728706 -0.514328350614 0.64888156607 44.2919984598 0.662885851434 -0.523973937818 0.660705540032 45.1837384801
44.0364200631 0.0220005276068 -0.720762851298 0.0229086304871 44.7099432817 -1.58905599899 -0.736581114863 -1.5783043889 44.5782289151
43.9485911142 0.439297244377 0.281156814617 0.453337407725 44.1230169402 -0.25131889339 0.281782467315 -0.253971745466 46.7233696839
43.8982880284 0.337883079982 -0.0554553934408 0.341165813154 43.0164084844 0.106506744189 -0.0553826586834 0.11348471985 43.5826135745
45.7912876569 -0.285573561808 -0.17004512786 -0.283912332638 45.4350742687 -0.0459410451263 -0.170893330789 -0.032350685497 45.3991386715
44.961982759 0.022443454138 0.824273708108 0.040513788575 44.5696051115 0.718811830232 0.827951436911 0.728513614114 44.7080920088
43.937487882 -0.681495411156 0.536346330248 -0.680185647538 44.0113493855 -0.172008710116 0.53082739871 -0.165852155137 43.1551240657
44.7527730136 -0.454987740984 -0.270522280516 -0.443917579754 45.6349219189 -0.0892323336735 -0.261088022039 -0.0705820669178 44.6252313581
44.1732099814 -0.410616146536 0.154800137937 -0.40320595416 43.7761481125 -0.154056514238 0.151309938868 -0.144367827416 43.9007603113
44.0682364818 0.0606400414526 -0.226773891473 0.0640000269969 44.4247015259 0.0892080664277 -0.226453672736 0.104735742276 43.0993174907
43.0012639926 -0.207447929628 0.320620549336 -0.206289376373 42.8322772212 0.131677140827 0.327473869524 0.148143330659 43.6325713791
43.4353410722 0.349154178321 0.201832138674 0.347923514809 44.2946843786 -0.80473839803 0.201440455844 -0.800659464431 44.1070844479
44.1155598951 0.182746452939 0.305196990144 0.196638663565 43.4889978656 0.0304131848853 0.303697756321 0.0404165487634 44.6107243282
44.2773997593 0.557844994751 -0.269657849132 0.570618046837 45.511148167 -0.0231993445514 -0.271288320946 -0.0284802857861 44.5319052496
42.6337202764 0.537629760281 -0.556194593435 0.543443266472 43.4324465346 0.862195258888 -0.547339977456 0.881561625765 43.620857917
44.1183194413 -0.739048740852 -0.177109675423 -0.727737732942 45.2079598124 -0.239646440352 -0.17681999705 -0.236940396239 43.9156108097
47.0530300944 0.132514170282 -0.170954604606 0.140163688958 46.1221870604 0.567177411906 -0.167727705958 0.572331708397 45.3892212672
44.0635051633 0.122502396618 -0.77925839268 0.126279111551 43.7460347661 0.13361282903 -0.780358370063 0.144685606738 42.795152845
45.4346332494 -0.0225944186264 -0.441726837182 -0.00981550582576 44.8283415219 0.280139360301 -0.442752822959 0.293406908457 44.2460996541
44.8757542461 -0.163398596717 -0.182539129394 -0.157478292498 43.9600179344 0.586281258526 -0.187441946745 0.59374100261 45.0159294931
44.7676670965 0.0702893618278 -0.280316885861 0.0787234270132 45.8633761406 -0.704313084616 -0.287208681883 -0.690874858084 45.32288824
43.9484625089 0.247352021124 -0.133910711766 0.263372786047 43.9953686914 -0.363369339567 -0.12942529579 -0.352933873002 44.8471142185
45.0220688755 0.0728109216349 -0.403921040253 0.0656951872724 44.8641024707 -0.03474556856 -0.408399440226 -0.0218533591003 45.2471906056
44.2159923787 0.678742482437 -0.185913120089 0.690120660786 44.6996128464 -0.000889441002451 -0.175920753636 0.0171371684775 44.0059260915
45.0861459096 -0.27321525539 -0.23934203674 -0.263580716602 46.0213368611 0.193502907041 -0.228964236744 0.206967789341 45.2898645636
44.2650659978 -0.160280532063 -0.0479775662723 -0.154345704509 44.0958469433 -0.186262150192 -0.0530927694988 -0.182484073089 44.8497401126
42.6256195402 0.126884656453 0.21021998962 0.135236793913 43.5362189679 0.0474697326186 0.213128553203 0.0512122884379 42.8048575717
45.2527420166 -0.344264129499 0.104114573881 -0.329619216753 44.6840819252 -0.229879440645 0.104827035499 -0.230871380189 45.2823266457
44.5285447089 0.0306978184278 -0.515078271021 0.0449807160983 43.4427343397 0.311945263912 -0.509688871481 0.321499495055 43.9117509996
45.1731714325 0.0952288967969 -0.383961180006 0.101221423893 42.9418115427 -0.798266426756 -0.386433087942 -0.789180227156 44.1632371579
45.2560773562 -0.215742688801 -0.0295063758567 -0.204848126764 44.2268341719 0.388223421111 -0.0338082926728 0.389452599326 44.9633620689
44.3569771234 0.195456471374 0.0160740643591 0.201901878991 45.1271284448 -0.477861108024 0.0215906203405 -0.456832106894 45.4161156897
45.3008025278 0.27200557983 -0.562426817481 0.29708206302 43.5764317764 0.0966048918215 -0.552457840219 0.113752175766 44.0711440757
44.2217321653 0.156628537313 0.455262800083 0.157630003888 45.0937534649 0.482536021348 0.45609650172 0.492326147053 43.4486814806
45.0440251233 -0.193592667005 -0.221239650171 -0.19622786906 45.733103773 0.248953976178 -0.227752932427 0.270228309468 45.2144700812
43.9080320476 -0.394781539734 -0.279708947891 -0.380727396788 43.5623255795 -0.409434307421 -0.290647019803 -0.40819003723 42.9581985324
44.808472219 -0.291103049261 0.626375404539 -0.275558583853 45.3659083325 -0.0528624264946 0.624287601674 -0.0500880647942 45.0062709084
43.7915089301 0.389186241461 0.353149588259 0.394659154136 44.8715198952 0.491972128827 0.350601513683 0.503522673478 45.0626127139
46.2932840145 -0.505691235358 0.31814005821 -0.502338631933 45.4039421367 1.20098821216 0.309895219199 1.20782469838 46.4152734995
43.5896581739 0.597277021625 -0.0210247829324 0.603409417453 43.9820871946 0.0452760017752 -0.0225136007598 0.0489666997683 43.4885552262
43.3978165931 -0.731511578512 -0.181171641188 -0.719525359272 43.9303315581 0.9774834118 -0.17309030141 0.984319380072 43.2712547933
42.4000371722 0.537145346487 0.403729402315 0.547620043835 42.8211535381 -0.00208984075112 0.398736167787 0.00924298194032 43.7274580576
44.0724925074 0.439897392951 0.442902786207 0.455208494548 44.8951341042 -0.217855792835 0.436830331858 -0.212988774624 43.5365802649
44.5939300094 0.126181651187 -0.85021964657 0.149488817422 44.6224280029 0.440743033325 -0.840820718429 0.45056146344 43.6124794575
43.3799305162 -0.480460699361 0.0571676702238 -0.476862007967 43.9774828072 0.177382720691 0.0464212498939 0.188343365482 44.2266874634
43.6963469017 0.570319387845 0.0940872462541 0.572932217073 43.9669200333 0.963043375057 0.0897486866715 0.976306906951 43.8553364661
43.7169401397 -0.361832283114 0.347944397848 -0.346121734248 43.3241497364 0.424837513431 0.353647889227 0.433440482032 43.8777936973
44.6784167504 0.656817667119 0.0113020788873 0.661889131885 43.8637807961 0.15904119852 0.0114863189558 0.167106926626 44.5323468216
43.6760612196 0.535873130593 0.157708982908 0.541669418665 43.2521090139 0.239183019172 0.150524678409 0.251367781628 44.404429774
44.3078158263 -1.05373445968 0.17304341019 -1.04652136238 44.3437100538 0.749594422699 0.161754731734 0.758704329594 45.7045395811
44.5588952859 0.00211563157488 -0.232935429445 0.0144005533013 43.6707407753 -0.488468152239 -0.230137179643 -0.484458882503 43.8972171346
44.4079842512 -0.42237567609 0.668586066502 -0.42065517276 42.9948124535 -0.118403825606 0.684944517406 -0.0978890662449 46.0886751169
44.1186905495 0.101334518124 -0.0620282284839 0.119058219299 42.1520822019 -0.341831896099 -0.0588175841968 -0.336408652054 42.4733164389
43.204874085 -0.394077075786 0.0654245555383 -0.387501595392 42.6688823197 -0.605417219507 0.073898311326 -0.596974291927 43.3394981494
41.6537127953 0.00998970689564 -0.157933894323 0.0201780409685 41.1992152298 -0.434210442312 -0.151655093097 -0.425169835453 42.438050943
44.0088567471 0.188882015363 0.252500875328 0.196524882764 44.1053302185 0.879898671475 0.259320492557 0.898331395153 45.6756267757
43.7073421624 -0.228385757211 0.193980520215 -0.222035797727 44.1213761302 0.0430089938789 0.190207520291 0.0566398282532 42.8739289136
44.5685769071 0.469633540651 -0.327214784717 0.479142365516 45.382789955 0.42194818755 -0.326898754129 0.437414017784 43.4260015696
44.5517900318 -0.197135557902 0.347654895052 -0.18358711243 44.6534555863 0.0135289480065 0.344828362653 0.0224946256432 46.4145710479
43.9205366972 0.314811555904 0.103326715237 0.319333287287 43.9890648878 -0.285552688354 0.104279203658 -0.277065570041 43.7779047376
45.1248471124 0.273047912406 0.0431687242425 0.280886482778 44.4832414525 0.609787465442 0.0539593731208 0.634597656186 45.0197410261
43.8787549653 -0.707197278677 -0.00573442461217 -0.692590031487 43.6726471329 0.212079516836 -0.00673187345588 0.211801941437 42.8972612614
44.1301594567 -0.41092357647 -0.688351285517 -0.407294225918 43.919184182 0.542142047932 -0.690427396853 0.535010348933 45.244253148
44.8014468389 -0.972201391894 -0.142437636037 -0.964265545427 43.3718880234 -0.271637277723 -0.156138061351 -0.281775394127 43.9323316009
43.7150818687 -0.282301026559 0.372069909145 -0.264560428119 42.8106857771 0.0562181132779 0.379591736841 0.057460894248 42.5875682978
45.1069928376 0.381678069999 -0.534403095836 0.39372910693 42.9267244122 0.544835839064 -0.521171365766 0.551539068371 43.533801167
43.8300225432 0.53814974767 0.222323286394 0.53920979075 44.6949480061 -0.968512185346 0.220249703118 -0.967835684583 43.2868420345
44.7159677093 -0.251791494998 0.336458559213 -0.237084151718 45.045603364 -0.497604404564 0.340592662719 -0.484520520046 45.632971362
45.0154092415 0.305729458455 -0.773249741331 0.303277935175 45.2281718797 0.28272323322 -0.768836384167 0.299798933116 46.0104539818
45.6836733919 0.277397163848 -0.0214871982117 0.273239576735 45.5376609024 0.504608772943 -0.0127396632224 0.510529082768 45.1075316942
43.87141271 -0.523114192412 0.300617644627 -0.511612693863 44.2771523548 0.0109936976575 0.301375292053 0.0167585331599 43.4074221837
44.5840224352 0.738736013445 -0.41811365441 0.742379570102 44.3446517665 0.259205388345 -0.423579977716 0.26802851827 45.7288374275
43.76098597 0.0920294448306 0.0779781740134 0.0992139775592 44.1025192706 -1.15738737087 0.0859072999879 -1.14677874091 44.1100957653
44.2807379612 -0.0613418404533 -0.148693412865 -0.0425716829291 44.916301332 -0.233426127117 -0.142743128504 -0.224591599185 44.6658820994
43.151083848 -0.280862331043 0.0783061654422 -0.277749281014 43.1461759557 0.2334118607 0.0871486421074 0.241898289563 44.5052852162
45.2966348289 0.509950604299 -1.39386978358 0.521302546854 45.486146963 0.194179308735 -1.39758700709 0.198733832427 44.6318750337
45.1448920508 0.432757559964 0.02338366634 0.440003389697 43.553509312 0.142058827478 0.0295862774487 0.154827978783 44.909350735
44.5302639204 -0.0848747375128 -0.293888500633 -0.0874725225989 44.4509384383 0.456034522403 -0.30039957269 0.461596275357 42.8382702988
44.3433803127 0.130909681765 -0.568655653934 0.145148827751 44.8873918302 0.139487147371 -0.582723183546 0.146357091578 44.9275273181
45.3285034712 0.618680985797 0.245772682882 0.623101542142 44.4058954749 0.69496901965 0.246796192692 0.710586014809 44.1615799389
42.9607357985 0.467770351007 0.559085866653 0.480918328693 44.5585976891 -0.476068728578 0.553438670727 -0.481509840624 44.227367235
43.8179042065 0.000883040526307 0.265193309503 0.0173779578803 44.6336214903 0.06366366635 0.261626559429 0.0555522929905 44.8350851811
44.6127808618 -0.207593488941 0.44116612007 -0.195608271008 44.3002419969 0.199377271243 0.449859075479 0.212557078674 44.7291802918
44.6799961409 -0.540251876208 0.116275991724 -0.541347805088 44.7480231349 0.274116038297 0.10774451496 0.282933331981 44.0794434163
44.0235916557 -0.0811517279003 0.112867429903 -0.0818440639156 43.2819965226 0.262399406355 0.105392420433 0.274394920888 44.663480901
43.4094847962 0.341618652185 0.177309225485 0.345268106763 43.1011684656 -0.0482996019959 0.188684832738 -0.0195558519253 44.0793716657
46.1503469052 -0.329243247776 0.137796991631 -0.311398311478 44.2649657043 1.20804666366 0.14010542564 1.21835856549 44.9214720661
44.2301138734 -0.328401622261 -0.561167507699 -0.324716672522 43.5974343119 -0.221930042913 -0.575095378969 -0.219557557604 43.7101998848
44.1102198542 0.432235162388 0.445509330618 0.454803656697 44.3500950239 0.0405448602102 0.446289215283 0.0344055500481 44.1211846631
44.7621045245 0.22372694932 -0.0637656235259 0.235180857862 43.7575328573 -0.173342586047 -0.0699295679151 -0.177328929863 44.4135658837
44.8730068091 -0.0601705609586 -0.211965399809 -0.0419586805157 44.6844640282 -0.0450380928744 -0.205918142473 -0.0365021488169 44.3516157374
45.0943259792 -0.769133611026 -0.39901060233 -0.766564990347 44.0621392039 0.620469165258 -0.39858673535 0.618556008867 45.5051152997
44.6448295431 0.739609385523 -0.121689133221 0.737499873634 45.5991560622 0.216360157281 -0.119275763002 0.232282563018 45.5444763354
45.0240597858 -0.30448590177 0.107784095163 -0.294958656052 45.4115882758 0.0998903050792 0.103266540075 0.100244771718 44.2811757315
44.470538658 -0.166460874476 -0.609548387767 -0.159680971193 44.0630531232 0.434154630885 -0.618747253715 0.438116681917 43.4898616015
45.1508191686 1.05541480182 0.150584342161 1.06326271138 43.6709846077 0.374342674782 0.159018169484 0.38829056542 44.8375726755
45.6992836802 -0.0761923719193 -0.227399198523 -0.0689457843621 45.5573749297 0.709614420549 -0.235800242377 0.711881271387 46.070814251
42.7063847257 0.205627363424 0.469788345516 0.22985245455 42.8046705867 -0.489283121232 0.469478918434 -0.496343299609 42.0927274261
44.9891648706 -0.747459754947 0.452502375504 -0.737095434283 45.5613352975 0.130231729231 0.452445184157 0.136233391914 44.3883078499
44.320284596 -0.295286401286 -0.230681072176 -0.274936336125 44.4307674828 -0.284930564351 -0.22763571338 -0.286133522135 44.8134187441
44.591263283 0.589411064418 -0.828415760918 0.590981131262 45.0330071075 -0.0280957714664 -0.839928792184 -0.0284968079635 45.4479785821
43.3446580279 -0.831069681595 -0.167230956893 -0.831696600955 43.1099885957 -0.0373788018206 -0.161516863392 -0.0266756567308 42.4491793775
44.1423218605 0.3164561148 0.671766018136 0.315370059584 43.6711146896 0.0790248644677 0.674081288397 0.101871347606 45.2876480926
45.6444089266 -0.0365173672584 0.769965591881 -0.0192364264666 44.0918403355 0.014817874423 0.768433030468 0.0188624226235 46.3681645963
43.5982472339 0.591314601912 -0.422967010437 0.602087137532 45.5363935678 -0.740426767611 -0.41988271303 -0.729841531303 44.3171746168
43.8981858671 -0.3703142742 -0.490672100212 -0.359502178777 45.8416430961 0.666610662238 -0.492259792867 0.683390936138 44.2126961862
45.7618034874 -0.150256263674 0.787795557525 -0.137321357098 45.4067168614 -1.02490817067 0.787109112145 -1.0208143882 45.9314383114
43.2576733877 -0.0250666876027 0.0472348343004 -0.0181654440686 43.0676253276 -0.447976215952 0.0463570077574 -0.441807332795 42.8097406594
43.9669075837 -0.0103870560697 0.277965434961 0.000648084362373 43.765745263 -0.558379404143 0.274845195939 -0.543452433424 44.6391076048
45.1206087722 -0.252889491911 0.415705547296 -0.251695488973 45.1884600225 0.0146079839048 0.419343010596 0.0317840442741 44.2270063024
44.0992091357 -0.327339055736 0.515183604761 -0.322056227392 45.3346028624 -0.0766066050119 0.508302221422 -0.0717281080721 44.6410355926
45.9998167545 -0.898839815035 0.597707832829 -0.895323731462 45.9319438429 -0.119069897112 0.595891882412 -0.118766944563 44.011891268
43.7634889147 0.247380320283 -0.418309662821 0.259726150103 43.903011078 0.269135197665 -0.418274576673 0.268587118381 43.9232272645
45.4164968826 -1.01408166365 -0.17179641931 -0.999567051465 46.9749323271 -0.0900784807359 -0.178533087769 -0.0879999629813 46.255479661
44.6205848057 -0.66706401073 -0.945898170079 -0.660238506896 44.3287153791 0.14377010659 -0.942198861553 0.158285229587 45.1910380329
43.5851299886 0.193469139122 0.0856614912204 0.177652347494 44.2163430264 -0.568464964276 0.0792964887511 -0.547205592283 44.6231418169
43.2648869343 0.484514223286 0.387660615254 0.494831406837 44.8960088519 0.194812136571 0.389506734964 0.197134882447 44.6179293883
42.8549436945 0.729057580829 -0.330802383498 0.731849484835 43.9478843446 0.26241264004 -0.341119378407 0.261551865011 42.9032954301
45.244653513 0.234515388056 0.0268552044962 0.243585858427 44.5058304669 -0.282119692098 0.0235994925111 -0.285808200749 44.3304716465
45.2141886719 -0.516138125641 -0.355330403879 -0.509204087311 44.7625619169 0.394287031505 -0.348353974211 0.404007530678 45.4875307767
44.7662942444 0.0784919711498 -0.529762604986 0.0857107976921 45.0407416915 0.601018492507 -0.529944094175 0.615708040374 45.1425641383
44.5213886774 -0.268247985976 0.714672230139 -0.259332057385 43.5643763803 -0.441639805328 0.715555631457 -0.430607861698 45.5448664815
44.0591584283 0.746308518262 -0.272516622162 0.767161893049 44.0891850498 -0.144095187274 -0.270721905998 -0.139504773385 45.5122766384
44.5134917002 0.320624149444 0.187832006679 0.328713477782 43.6263274459 0.435992376422 0.176953546872 0.448178825958 42.9266393957
44.4123275588 0.69027840176 -1.19060290285 0.697605452781 43.2205199844 -0.175169805924 -1.20454950493 -0.176288666449 44.2232249629
43.4652800688 -0.505431076357 0.331026007841 -0.494940472628 42.4581862294 -0.115986319918 0.33462277511 -0.102905463314 42.6417721893
43.8690275219 0.428910510563 0.114586465953 0.434736743432 44.8001042628 0.572322511541 0.110375208067 0.579726724199 42.8652031197
44.1029938841 0.0080122994638 0.149639377497 0.0121126857249 43.6783305415 0.516058189413 0.154842491849 0.532787654588 44.4561320042
46.2124566051 0.0286368253134 0.231528662512 0.036627646549 45.722221163 0.892888198113 0.2242342336 0.895982740269 45.4078772384
45.2240355789 -0.542060604065 0.548115458946 -0.537867637196 45.1834397176 0.408179200825 0.541201035912 0.396019315725 45.2305340038
45.1537245389 -0.485151569045 0.356004828087 -0.465214454342 43.8251246773 0.619458923692 0.370180245673 0.625499348887 43.3158105008
43.1695699454 -0.00926811923847 -0.705226424832 -0.00209880220634 43.5374988539 -0.247850216846 -0.713855145365 -0.248735113318 44.1647726897
43.4841904435 0.1056598576 -0.600933535104 0.11913450347 43.4375968429 -0.382977629246 -0.599782031089 -0.374059396 43.3532184134
45.2660147432 -0.270122057868 0.179708176088 -0.269341606629 45.1221526967 -0.191308309321 0.180841981816 -0.181702947915 44.7888129001
43.5116271649 -0.181905026681 0.274291844338 -0.171812470151 44.5694043525 -0.0956994769651 0.276418892665 -0.0940069691172 44.055631552
43.6025466402 -0.387833433279 -0.181418995526 -0.369210800677 44.8549991388 -0.6851356761 -0.181722758284 -0.675476585485 45.4723034332
44.49055407 0.358947894123 -0.193761971608 0.374633941299 46.6995739018 0.0311692693309 -0.187728154174 0.0413081348246 44.6369001049
43.9706911044 -0.571146044775 -0.425400977757 -0.571827798381 43.3796234907 -0.119317333508 -0.43701610942 -0.108782456074 44.2054809438
45.2549238551 -0.192463823469 -0.00681379771814 -0.193719286387 43.3281301477 0.761215676208 -0.00218333126894 0.766968767393 43.6494595036
44.3406730396 -0.220073416404 -0.251230895729 -0.21536849928 43.6290820563 0.389227527336 -0.256271878583 0.398601799694 42.7513215919
46.4262822941 -0.106913262762 0.291426234182 -0.109716392138 46.1801238079 -0.87116468164 0.295571104703 -0.853499107297 45.2608851155
45.4615634162 -0.0960924955141 0.154310835201 -0.101988846209 45.5839646208 -0.215212576632 0.140681051781 -0.208819512953 45.1278820801
43.8250590307 -0.368311627524 0.407239734101 -0.357402168494 44.6068137464 0.704687998563 0.4063702886 0.716369716497 43.4808702169
44.9969760795 -1.16890634473 0.203867550997 -1.1539725092 43.9803977511 0.226608065029 0.219565040046 0.251242187262 44.630739711
44.8080506367 -0.579991202435 -0.0598216849624 -0.572105487613 45.4097560344 0.0135685355228 -0.0550997795083 0.020370469054 45.9343929457
42.7856001355 0.18052240443 0.538894998797 0.181962094958 43.1092029548 -0.0856742980997 0.535503018065 -0.0835791885443 43.7081499771
45.6535695728 0.0604491985438 0.181608511345 0.0675022600473 44.6734992056 0.0135941315988 0.184693375212 0.0246785160548 45.1819260479
43.279170946 0.296359224007 -0.455267748461 0.298189971961 43.5041705641 -0.120063319989 -0.465233422322 -0.115887798073 44.0139234607
46.1871418736 0.367508801739 -0.277676197261 0.381841255733 44.6618631412 -0.264451516085 -0.279103500575 -0.254409576014 44.7295664508
42.5640546411 -0.174322046683 -0.534572556344 -0.154866970829 42.0039994294 0.1199055848 -0.531388427052 0.125231957862 41.4783987817
44.3362371583 0.0613537727237 -0.734656469371 0.0691350600779 45.6064152101 -0.909216573222 -0.741984164746 -0.91307476454 44.9572512137
44.2056855641 -0.300783700094 -0.132091845946 -0.29508096751 44.1039178811 -0.0248621513013 -0.136141030529 -0.0158182417352 44.1582940775
44.031185992 0.471271632562 -0.583055524162 0.473385105898 44.098581032 0.271348726275 -0.585990656279 0.281221587312 42.5377718314
45.1900288012 0.75548165086 0.241871830917 0.762461307595 43.7453603199 1.12777018492 0.244397795725 1.13912188476 44.712851541
43.3014911541 0.141532923646 -0.249287529842 0.142301198198 42.5312843075 0.396778765211 -0.254422102634 0.399914243299 42.3988416634
44.4712117657 -0.80539209746 -0.134929162543 -0.802666680169 44.2950845453 -0.11946717499 -0.138968883277 -0.11006249277 44.0273083001
45.5105152564 -0.1086366249 0.0135872052064 -0.103092427471 43.9697457554 0.503445737335 0.014524857472 0.510909821978 44.7397091799
45.6818083858 -0.00312499074305 -0.294458974227 0.00082123424115 44.060958173 0.0538474041207 -0.299167101913 0.0523306648921 44.4336519901
45.6159552272 0.908686369745 -0.237994010594 0.908697594218 44.1662650646 -0.409577260054 -0.233770779572 -0.395255847277 43.6806997472
45.4922441198 -0.516762317422 -0.178480141006 -0.509263613421 44.6592061772 0.448365086896 -0.181396880768 0.466628687077 43.835627738
42.436143967 0.0986714679505 -0.504967452827 0.102231651257 44.0448861617 -0.248242407766 -0.510467450243 -0.240095502983 44.1944594045
43.3456215604 -0.234844967407 -0.30830104535 -0.22602528892 43.939784508 0.000951722626659 -0.312457527443 0.0146368378649 44.6376181347
43.7875090698 0.119744950413 -0.302474092547 0.131403934404 43.813856932 -0.38537398886 -0.293587169278 -0.376188740699 43.8551988873
43.891655396 0.0428607604761 0.199189849577 0.0466090765326 43.7355342866 0.948373106777 0.20429672246 0.961120701746 44.6149785371
43.8173294187 -0.44251338602 0.131604213953 -0.428822444489 44.0644648342 -0.53902917772 0.142655061685 -0.530094118374 43.9241272041
45.5246614522 0.843361399016 0.461023833235 0.841960829539 44.8193430586 0.103203136448 0.450718036712 0.114541070655 44.2981644709
44.3189623804 0.624166604883 -0.223914410341 0.628934230591 43.6686353764 -0.147029665486 -0.224218384588 -0.149188237995 43.6518612379
44.490441994 -0.207899373444 -0.422682222901 -0.199510970868 44.2504376678 -0.267769351551 -0.420418041513 -0.257843969537 44.462027671
45.6421748702 0.319915513787 0.736169912583 0.333630273357 44.7942251119 -0.139862531061 0.74053875042 -0.123981962416 44.624953935
45.6879974959 0.153570845793 -0.137954215533 0.166972121081 45.0670418825 0.00757218641338 -0.129743435347 0.0190823536229 45.3571862714
45.4471016796 -0.5239164452 -0.223959149306 -0.522562802978 44.8785183638 -0.293284576071 -0.22321330504 -0.281768254712 45.138250563
44.7195953014 -0.0727850246864 0.469062236865 -0.0710318060778 45.531711174 -0.364491429925 0.467971810551 -0.357106623515 44.3966240644
42.2828089035 -0.0344445736796 -0.191351692302 -0.0298913686234 44.387525989 0.17850004439 -0.198144621638 0.177364167853 42.7340633118
43.5592949906 -0.179366468252 -0.589137557413 -0.176253976022 42.9149116512 -0.165452190661 -0.591458023113 -0.14834367052 43.2152092807
44.3269740825 0.565925718224 0.512595100675 0.580376596501 42.5973497684 0.365453180282 0.523456281606 0.376728785105 44.3519758842
43.9176679792 0.0234163108461 -0.852067797595 0.0264662189092 44.0203109172 -0.118722280277 -0.849173806861 -0.106323346813 42.8488157722
44.7008374074 -1.15361570836 -0.423263573023 -1.1691469138 45.1100001394 -0.431393266979 -0.429407928437 -0.414936621321 45.5905566094
45.1579140185 -0.139636465971 0.202288120172 -0.136733604363 44.3846386883 -0.50740405808 0.198230570504 -0.502317096422 45.4485002557
44.5673348678 -0.109763172713 0.39181929252 -0.118283176224 45.1226352038 0.0191802792962 0.394876961734 0.0292781023317 41.6808221761
45.5199166971 -0.362874897302 0.382229939803 -0.349672916252 44.2822073605 -0.0441720439172 0.379766601223 -0.034260172921 43.3158809319
43.1061637064 0.691686868351 -0.234288566921 0.713443414045 44.1929227532 0.282286604764 -0.23188847028 0.281751421835 44.1786104802
42.7878373492 0.361931196034 0.724510967616 0.373668653945 42.5077539426 0.0452648435983 0.719084338068 0.0472109110321 41.6624860394
46.6095706948 -0.227090610097 0.428106811632 -0.208803960166 44.7816660914 0.294786406924 0.433767951557 0.311984920002 45.5807768824
44.4916562594 0.660986922987 -0.105960864384 0.672652437072 45.1627950764 0.381702926074 -0.105496394856 0.392488181078 45.200770433
44.8377378295 -0.522054063098 0.362916395369 -0.521008284478 44.2029934793 0.153848942785 0.362113324372 0.160616380893 42.9864120632
42.7735140285 -0.174153708396 0.563030053648 -0.165176088247 44.0703505345 0.0148784468986 0.560370602322 0.0247694025324 43.5360091309
44.5645114833 -0.74848402438 0.0149875929088 -0.744903322397 44.5538822909 0.405947331681 0.00836991794832 0.408218813965 44.3468142105
44.306144225 -0.82913674177 -0.341955974398 -0.823946044502 43.6848886775 -0.234597283685 -0.347609755495 -0.227325576498 43.3315196063
45.7353510492 -0.241457248724 0.482378877158 -0.237191394181 46.0807387411 0.0327455765157 0.480617395916 0.0474689830013 46.8381410068
43.8992434854 -0.412552297108 0.427569133959 -0.404712072805 44.0781384165 -0.617878304756 0.423271954505 -0.612699551495 43.2185037158
45.6360881849 0.39366401206 0.00262617866455 0.40321446388 42.2873856376 0.329009876483 0.00809544542464 0.341414317902 44.2747551251
44.8571942617 0.140203191619 0.386379945929 0.143650899682 45.3085238624 -0.131724936088 0.388710489414 -0.123349778211 44.7971969046
44.4206969039 0.113513657065 -0.401093933195 0.129389439143 43.8199830709 -0.192785010598 -0.39181311767 -0.187361008205 44.7948224661
43.9449276548 0.0636967775737 0.19539263693 0.0679078584109 43.9627821546 -0.636277903085 0.186811991719 -0.643014441289 45.0457369861
45.0538895173 -0.536206114265 0.758179557294 -0.528518731045 44.9172054266 0.23179388772 0.756130189584 0.224177705837 44.4560092706
44.1813827929 0.419275668702 -0.0337852552925 0.423354269963 44.4681789902 -0.251956303216 -0.0295047976246 -0.244800571105 44.8607020378
44.5581939328 0.122938790394 0.194554575617 0.135999198494 45.1442001442 -0.471928069259 0.204489979247 -0.452692046312 44.9047034741
45.2774859883 0.447020411537 0.0460382436232 0.456117968879 44.7600358925 -0.710329340083 0.0356301964518 -0.715121736545 44.3203915249
44.1943017867 0.233188379814 0.832925122822 0.238892376978 43.7865737173 0.0416343648838 0.82816747468 0.0434884551951 43.713558484
42.6840197131 -0.306960177387 0.0262426977458 -0.295902080217 45.2783790744 -0.627917521664 0.0305307232177 -0.628235893224 44.667587814
43.5877905782 0.39829097325 0.275932038296 0.412434339941 45.5897693341 0.30700414854 0.279234971518 0.302492778613 44.760432135
44.0806512897 0.690056575486 -0.200760388624 0.686784191054 43.2213095525 -0.0772513253931 -0.201753109775 -0.0568648708607 43.1861092039
44.656537471 -0.143745399003 0.419623962396 -0.142854659663 43.6308090646 -0.163697563457 0.4175840597 -0.159205830315 42.6582164118
45.1642514018 -0.540722120508 0.366572863312 -0.5287818683 42.663354026 -0.116805182865 0.361067626394 -0.114140427344 43.6728021676
45.4118915958 0.152942067041 0.322566750909 0.150671555851 46.4530030348 -0.251302617678 0.327667713995 -0.237935910764 45.5393692357
44.8317618619 0.545905866175 -0.883277378904 0.553241928423 44.8357164337 -0.196026217696 -0.888846068603 -0.193050969355 44.3934548624
43.1480408564 0.235842743553 -0.00433096726464 0.241681636907 43.3348842735 0.217864168139 -0.00544696048333 0.228428090984 42.4540043386
44.0112919621 0.0665306607111 -0.160910756247 0.0673463025898 43.7355738495 0.00251793885401 -0.165090033647 0.0189742368223 44.1884647024
43.4934459055 -0.330196947235 0.297308266517 -0.315800675852 42.6519736035 -0.612993380685 0.302703184666 -0.609172514165 43.572399607
44.700301492 0.476676343054 0.526159298365 0.489356177725 44.9415179713 0.160226418359 0.518343461005 0.157131625094 45.3423390184
45.2526771806 -0.31341919549 0.171300829635 -0.295146938251 44.243287906 -0.438551684223 0.183313920141 -0.424947848376 45.4187262872
43.8214172064 -0.541577978597 -0.0794961944938 -0.514773132784 43.8200897808 -0.0360931890159 -0.0678900641271 -0.0306443649834 44.6380845906
42.997763374 0.645291967251 -0.17495392246 0.651030220683 43.6621714226 0.0507875760356 -0.171637635479 0.0634630319662 44.1199737569
42.4982930633 -0.297161744552 -0.0165745147568 -0.288015798428 43.5925284464 -0.206333460442 -0.0216214664498 -0.206130378707 43.6701277562
44.2336533726 -0.331681299729 0.397889568896 -0.322884018861 44.6841610612 -0.332426279544 0.391533482719 -0.324827332479 44.8116598593
46.0040535186 0.121114658018 -0.258717499685 0.133354622995 44.3154675416 -0.620179617371 -0.262354327022 -0.611363712028 45.4090885619
44.9354872239 -0.71406037039 -0.447606589597 -0.714865464699 42.7416496277 0.083507334936 -0.449850076988 0.0946005022293 42.8125830721
43.3906259167 0.153136874904 0.377331939663 0.161265030036 43.3610916987 -0.263364348069 0.380448137055 -0.251931509381 43.4415147951
45.0787614724 0.197456403877 0.501815913272 0.202240367966 46.0046235275 0.634135907966 0.509548794902 0.65243228392 45.4118746761
43.5905205243 0.316739298835 0.901610739562 0.328615249955 45.5545561081 -0.0670459816909 0.905735084085 -0.0612927582044 44.9202700983
44.8444445919 0.500886219423 0.379149166691 0.507790535938 44.5115992611 0.756822357579 0.380115319871 0.762965519219 45.0894050201
43.7708706754 0.495337236318 0.689990213052 0.508728259867 44.4103556791 0.158201622083 0.68444497414 0.157376592889 44.551887937
44.4792645592 -0.844859256508 0.404271488436 -0.832722202532 44.532722781 0.421771484668 0.406983497681 0.43445832087 44.2512037724
44.7548510904 0.10548768408 -0.306459625 0.117546124588 45.1364737108 0.145838454709 -0.317838368127 0.150008973224 46.4750552393
45.2811050982 -0.274871281495 -0.300262925743 -0.268726763805 45.7806555488 -0.272064763566 -0.297766600221 -0.262339349362 44.3024290988
44.3441332114 -0.345565759885 0.417797093415 -0.331368484717 44.3923820216 0.955342320893 0.415330826711 0.947897150209 44.7413355802
44.1131413737 -0.475158578541 -0.194505140536 -0.464723914166 43.9471215387 -0.373149244451 -0.192355248213 -0.36333221753 45.681358066
45.063187805 -0.390517887571 0.596151927675 -0.381511325147 45.0251776199 -0.187340735377 0.598672519222 -0.184654042477 44.2969649214
43.6934041063 0.43229841852 -0.123524943325 0.424911688235 45.083792546 -0.098789016693 -0.12948548238 -0.0906780825661 44.1812433895
43.9400812917 0.0958634080733 0.426868634572 0.107782095855 44.6775985556 -0.293173041768 0.420096118056 -0.28842736511 45.2196836075
42.2658436654 0.676104978529 0.277865292464 0.682707880304 44.4522974792 -0.307759427575 0.279102591396 -0.296758238594 44.3305682168
44.1896106545 0.0984574525544 -0.936432935449 0.111368358992 45.5235693099 0.381260171345 -0.934154663344 0.384789966724 43.9344953125
44.757884393 -0.149451040942 0.292286632992 -0.141874261016 46.4147280569 -0.412314807398 0.29297170337 -0.395962312181 46.2896282206
44.5355088096 0.383765859539 0.172260885347 0.396078465759 45.6653473452 -0.140553528071 0.167804574311 -0.128758797697 43.4100576734
44.6722970114 0.551301952692 0.439706863637 0.572790428908 45.1905078659 0.529329080645 0.43992797817 0.529471926645 43.8709431624
44.2845359155 0.0011287862926 0.108533741286 0.0157573394612 44.8044945249 0.373654864105 0.110575188551 0.374209527538 44.5960621575
45.881519248 0.558337301171 -0.65244394627 0.57586545611 45.6532539631 0.168715269521 -0.640817751062 0.175506679952 45.3664683311
44.3482012819 -0.302198241705 0.231992964369 -0.302394551769 44.8504835505 1.08592053294 0.237031988341 1.10006763378 45.4897086646
44.4345480767 0.0344261485906 0.690278066913 0.0266217086651 44.4757141591 -0.199796520902 0.690054999684 -0.187633944981 44.5909523133
45.18237651 -0.669465368719 -0.102582295696 -0.662750035554 43.5206227025 -0.201451056113 -0.0930233995199 -0.181737055524 43.9165851009
45.254805796 0.262312365729 0.410426721857 0.278324862625 44.3029073706 0.109531185317 0.422761479537 0.126568020935 44.2026859872
46.4817750346 -0.415404321322 -0.679854215785 -0.39801113552 44.7821317268 0.183288750796 -0.679448201949 0.192105830558 46.2947501247
47.2864591811 -0.248528077001 0.02648558771 -0.2421468552 45.0654089533 -0.636578614373 0.0337861394737 -0.623585755192 45.5383441992
44.6214050835 0.50002497739 -0.791568780607 0.513334747482 43.2817897068 0.278919434039 -0.785062278239 0.282148083519 44.0178069272
43.5179019513 0.0516292043447 0.0497967765375 0.0655506080844 44.6365247198 0.674017685277 0.0507138355821 0.685555730349 44.5299487777
42.9206575939 0.397932886842 0.316564563815 0.406737379675 44.8410489428 0.598922364706 0.314060756528 0.610462163611 43.759848038
43.562274758 -0.015013521106 0.826451246198 -0.00253539125406 44.2208245021 -0.956251738057 0.825253985496 -0.949137558709 45.961772581
44.6919681612 0.157123972519 0.459599708059 0.171480384779 45.1839583851 -1.1777904634 0.46521918203 -1.17149549438 43.8282735996
45.7062687447 0.149592437911 -1.151990211 0.164416240458 45.1389000459 -0.104635786381 -1.15657258698 -0.105715184447 45.6178220308
45.0040921304 -0.199326598949 -0.601168083431 -0.187316543701 45.2440702757 0.10724876487 -0.594233893323 0.118277225433 45.0473228919
44.8330637316 -0.182204282272 -0.0812938579376 -0.162027552933 43.923389892 0.112851104755 -0.0753337732803 0.121060870835 45.900873117
45.3353655255 -0.566131259294 -0.971328083808 -0.562221225913 44.6622619047 -0.478297208993 -0.973680935053 -0.482750467049 44.8639794385
43.4540684138 0.205994344675 0.459782997264 0.214897997539 43.3874307974 0.371199595336 0.459780228849 0.376230655191 43.7572920187
44.1934127731 -0.0535653895738 0.149748732318 -0.0455185839241 43.8154344166 0.685107386938 0.14633158138 0.69175001123 43.7056955525
44.0298825417 -0.252772672635 -0.0631062102385 -0.238591681823 44.6718302149 0.222831235238 -0.0667345764403 0.223745157777 45.5097087387
44.080697691 -0.21815691562 -0.413403271644 -0.209762078076 45.9696461231 -0.2362175045 -0.403962786169 -0.23375840989 45.9482440991
43.9437386469 0.252161047573 -0.162367661372 0.264706034939 43.4348450594 0.762846087535 -0.167025833776 0.773888993795 44.7884015625
43.6375484591 -0.647440739367 -0.568736665527 -0.630042627685 44.2837220307 0.395291929894 -0.566949680527 0.404357737965 44.2177848349
44.1782430507 0.740941138798 0.503564492132 0.748806662405 44.5409519911 0.251103752327 0.501694184415 0.264196143894 44.302919565
45.2086336794 0.763441671275 0.265589695786 0.77221884004 45.3234918077 0.667649225363 0.265397855758 0.672063553395 45.3167879864
43.0114625592 -0.0686016793224 0.0167521148569 -0.0605904043522 43.8556996731 -0.573607023995 0.0106425056164 -0.564520880651 43.9689644851
44.349002018 -1.17935237831 -0.473463018235 -1.17240542596 44.737019205 -0.461503332718 -0.480720679719 -0.454937927385 45.1547264785
45.3158174754 -0.282065277218 -0.0566540310542 -0.27456565788 45.6211166161 -0.126529958841 -0.0538757230924 -0.121885455275 46.2458904694
45.8580238683 0.578094580984 -0.297986447854 0.588181341492 44.818337055 -0.0680964437433 -0.292403198395 -0.0683858209512 46.5780096531
44.6208708612 0.426842591733 0.152338554263 0.43388719231 45.0829368657 0.434672995579 0.15148621941 0.446736380803 45.3092004945
44.339282663 -1.17335329804 -0.585285665918 -1.16396686768 44.947705128 0.327245999306 -0.595241798684 0.34375211157 44.9065477028
46.0455537187 -0.561722643656 -0.646782396074 -0.55093150917 45.1468633049 -0.166318752212 -0.630881905476 -0.159999000423 44.2845550324
43.008580828 -0.273676414937 0.147893494849 -0.269344577808 43.0772973254 -0.104087347372 0.149385991012 -0.0968961732733 43.8189468889
43.4264730267 0.0668204417394 -0.180290037294 0.0808921658311 43.9831600386 -0.0880925099793 -0.181770260795 -0.086774605756 43.2694987709
43.219468835 0.0499196374033 -0.180260471362 0.0554098855203 42.8922292591 0.53554788881 -0.183012750903 0.536364545215 43.4539737632
43.503891718 -0.225955151972 -1.20991625255 -0.216393819758 44.1505637935 0.657620645152 -1.20600572658 0.671982779998 45.0859269356
45.8959962576 0.923198273801 -0.249164282055 0.920268730698 45.2087739915 -0.583929634988 -0.247743673623 -0.57225223407 45.7961348042
44.78754602 0.142554687724 0.220052374859 0.140202500041 43.5233066549 0.372102659843 0.220411235074 0.375140766604 44.6728344259
43.9922361333 0.00991630106317 -0.0920611519912 0.0134480901908 43.8169320708 0.783663269126 -0.103275115495 0.787150330317 43.1183713551
44.1171071482 -0.29568876848 -0.112542653492 -0.282824590569 44.739569553 -0.704544161533 -0.109696005053 -0.702651926156 45.25475115
45.0569584425 1.23217076246 -0.347122469776 1.24487955538 45.9473813989 0.0416964240632 -0.336187940997 0.0602785842693 46.4809046334
42.8126716897 -0.443087451633 -0.255000814287 -0.438346309088 44.0209667756 0.368243968881 -0.253730683478 0.37655729638 42.8183966191
45.1492004415 0.828788695791 -0.173258315525 0.835666286828 42.9422486678 -0.0940181795297 -0.17357500906 -0.0912536628262 44.0376476548
44.0825605901 0.576064188881 0.398406102503 0.577737000478 44.206768348 0.396822251577 0.401010939348 0.405979011714 43.1413839441
44.6326629034 0.388743800409 0.884349953453 0.409911438954 43.5165756609 -0.662438701378 0.886299719798 -0.666145589637 44.3926956645
43.159809985 0.163588275479 -0.524295911048 0.169323394194 43.6067475928 -0.31634275332 -0.512789093861 -0.305859262309 44.4766891732
44.5614793045 0.179617538327 0.433954924402 0.19417156683 44.6388056908 -0.749767242542 0.426090747529 -0.756273797191 44.1211813407
44.3997099195 0.207087577819 -0.517208393269 0.22389181174 43.8665145827 -0.121256985055 -0.517380839888 -0.112069688345 43.8903690346
43.9027859 0.880807567323 -0.161051829661 0.90126624042 45.6904182957 0.373330285456 -0.151031465048 0.384274109649 44.2023280186
43.3073743762 0.49867271063 -0.0986950455527 0.509126452126 44.065419545 0.136858950825 -0.0915459551027 0.150984197868 44.0056733208
44.3177509536 -0.0482146970747 -0.589676640179 -0.0478681358816 42.0787113272 -0.094881382292 -0.596760343361 -0.0840711246806 44.096664655
45.2478903883 -0.0767350299931 0.484347644543 -0.072265148899 44.4120476462 0.0322602286342 0.492159310973 0.0462467283076 43.2084802451
43.1098131626 -0.154722332467 0.0555536966175 -0.143641549288 43.127279123 -0.208108104891 0.0577361417241 -0.200870940701 44.7138818009
44.6795849488 0.469652223461 -0.518279162774 0.477006255122 44.2527994798 -0.0583781557741 -0.504751251287 -0.0415980124556 43.9434303921
44.5713627311 -0.604746778162 -0.429320749538 -0.601140040718 44.4913943357 -0.383726952773 -0.428495367755 -0.366866211365 43.3322176385
43.3528374287 -0.73074859176 0.630609495086 -0.728402230744 44.3859463349 -0.507795572208 0.634534731439 -0.489872206749 45.2555177965
44.2199237335 -0.764744782984 -0.580091499828 -0.754806731161 43.6727998116 0.034368961545 -0.569343133218 0.0489601255756 43.9312399102
45.9558394382 -0.307616228441 -0.538017831972 -0.306211338048 44.8251802161 -0.24318446869 -0.54226152699 -0.253264227135 44.572339543
44.2209671484 0.0519089147414 -0.292724203535 0.0560015713122 45.3698757117 -0.332544536183 -0.292179586512 -0.334345318432 45.2334039171
42.2484510349 -0.24724102769 -0.242492438795 -0.237553224977 43.1549099931 1.27166591766 -0.23750958307 1.28243082416 42.3948047436
45.0878829337 -0.57128052542 0.779276470604 -0.559560273348 44.7162150968 0.420039968933 0.781105512611 0.425417562416 44.0719926446
44.7055119631 -0.121276246621 0.0812295868376 -0.116895738382 45.3653412252 0.419468017884 0.0642768506841 0.424018928836 44.7642028316
45.8841657089 0.460982666361 -0.695352033093 0.466190300999 45.360524564 -0.257199924305 -0.695772234225 -0.243260006414 44.7672782925
44.2533854304 0.284262734176 0.174913953893 0.302561991157 43.4366772585 0.144794588439 0.169484058783 0.146403239034 43.7860993885
43.7172352618 -0.4919186007 -0.908274615226 -0.477578136923 46.1717971089 0.603313933472 -0.910101106458 0.613833445227 44.7228004705
44.153975928 -0.3980393157 0.320330865784 -0.391035704476 43.6306146979 0.173125665792 0.313957965702 0.181826463773 45.7315154433
45.2838342904 0.818709120001 0.071475400362 0.819965647941 45.0245451293 -0.756032326429 0.0741828760265 -0.74230169354 44.355618488
43.5988944398 -0.405501181378 0.421044507347 -0.402153147739 44.4654689118 -0.871261893646 0.421881155309 -0.862161029491 43.0471275144
45.3774391521 0.185171277029 0.223779184962 0.17666349461 45.4707136526 -0.321023539965 0.218752555184 -0.310817844649 45.0726819694
44.8441202436 -0.540414738889 -0.328917113093 -0.539865984443 44.3453981011 0.510721118357 -0.330137994354 0.516262623191 43.7274992701
42.0146545146 0.321067776916 0.261896295474 0.329952377431 43.9378920286 -0.201565614226 0.257561033753 -0.189033039125 43.7922677588
46.4180052371 0.417436397341 0.349903679918 0.438495320125 44.7573680492 0.453880131231 0.356307211566 0.456951528491 45.6026633799
45.1707508359 0.333029267047 0.538491230335 0.338149152074 43.8884286338 -0.480015329715 0.542236646038 -0.461917989143 44.9794837193
45.0912405706 0.378992124469 0.0903847507726 0.39596106087 44.9790660908 -1.2686400143 0.102255772037 -1.25922641627 44.7741261031
43.4865108016 -0.301907139704 0.746880933096 -0.296571457274 43.4512836123 0.259425518236 0.746982404135 0.261380799499 42.5943680416
44.5783961054 -0.0241710309557 -0.346666708947 -0.0126206215586 47.1285933911 0.318040160136 -0.349440306802 0.322004866752 43.5350735473
46.1055620057 -0.582755174113 0.309424351891 -0.57342798006 45.6835922 0.505665282423 0.313233774265 0.516761326769 45.2491527126
44.5089492063 0.345210940905 -0.297207023803 0.361329042618 44.7043082606 0.249024896197 -0.296408755596 0.254327727105 44.4618879555
45.7707912595 0.490320669217 0.552478744479 0.507204227197 45.8744720809 0.998366674591 0.558621922003 1.00976918423 46.3851954341
43.3989855395 -0.111940858015 -0.192628295359 -0.0967122798047 43.4851558556 -0.242680423536 -0.188278893112 -0.233091988283 43.8312782674
44.4951500865 0.0168013390478 0.625708623803 0.0233297632027 44.0240435908 -0.218341363806 0.624406052403 -0.214029312694 44.5225126281
44.1706133604 0.265606706456 0.425466695169 0.259856349491 44.7056567906 -0.24547365679 0.4180562277 -0.226249652834 43.7017995382
43.7274393627 0.408439046073 0.281403830504 0.419199027826 45.0152518601 -0.509309257717 0.283956535165 -0.501833101515 42.9664927096
41.8935609628 0.148423773364 -0.313854645563 0.158389671966 43.072942003 0.583052737115 -0.312677707529 0.590386304351 43.295996482
44.0502864022 0.589490696125 -0.314687792696 0.590661636572 43.3365805668 -0.414917122187 -0.31783627502 -0.402263917703 43.9034749731
45.2110132112 -0.109681567421 0.101255504292 -0.097886575882 45.6457085468 -1.22312717942 0.0937697300783 -1.2130496407 45.338201003
44.7085327598 -0.393736672304 -0.225784664859 -0.386083707018 45.2333075933 0.367822957384 -0.219932783736 0.384043153925 44.0135140843
44.4855460172 0.00244513107481 -0.723350388795 0.0170346851929 45.249506103 -0.239663474038 -0.731018075115 -0.234725737274 43.6186998411
45.3301577531 0.557375118511 -0.0324886801903 0.564103883878 44.6481583206 0.198549402947 -0.0317473628114 0.207629808776 43.8644265479
44.7734496633 0.359889565854 0.623451055966 0.370065396153 44.7319073402 0.326980478735 0.623744010865 0.340617573449 44.6030488899
44.6139829041 -0.440952578927 0.305019361548 -0.432507603824 44.9990686395 -0.525972515542 0.308046952369 -0.522091246842 44.4477770283
45.4475848771 0.145626353615 0.70940148583 0.14514336168 44.8433289728 0.425303388392 0.709084716121 0.434722222269 46.139836242
44.7417731635 -0.152008278799 -0.486238905894 -0.153738709008 43.5002705182 1.00415676001 -0.493617350232 1.01205718831 44.1224972266
43.6264526823 -0.0681962078459 -0.108270326069 -0.0596271601348 43.7861897763 -0.316440562019 -0.117816854784 -0.320382986023 42.8953532966
43.9639057894 0.171023949071 0.448776636254 0.178457187789 43.9264456292 0.513273005678 0.449403705667 0.5296689846 44.1357045108
43.366467594 0.202376713244 -0.254201196597 0.211148754031 43.4408564757 -0.31293589934 -0.255966203781 -0.306078626939 43.5574345811
44.8951269893 -0.54384457753 -0.200468417105 -0.551595618293 46.1080937451 -0.10125721861 -0.193659592788 -0.0758594718483 43.2999006105
44.1947358456 0.704327300062 -0.373542145022 0.71976154232 45.291293693 0.596936044914 -0.370087216844 0.609552390074 45.681639867
44.4849259062 -0.0603581721636 0.417621857773 -0.0486181405623 42.9518885519 0.755179654952 0.416870333983 0.765060870942 44.2426895997
44.6526177434 0.492578825032 -0.429809502744 0.512295429885 43.7361620929 0.345376419477 -0.428104465772 0.352567563 44.3667395474
44.2613907903 -0.554155512905 -0.224766063521 -0.548038483691 43.9923147344 -0.0315166752479 -0.221995146618 -0.0161241095609 45.2449390298
44.612460482 0.106119109902 0.343073276461 0.121602067108 44.0887371696 0.728901624083 0.344496372208 0.73596533098 44.9378707381
46.0274341601 -0.143031597365 0.269872006961 -0.131397268463 44.8831080841 -0.257513679241 0.268869738666 -0.250069196601 45.3165669757
44.2132457788 -0.483644671962 0.110929963405 -0.471406428947 44.3401049824 -0.261786845098 0.114539132958 -0.244656822979 43.3271102636
44.3082054881 -1.17843640553 -0.354691612973 -1.16761956452 45.6794013307 0.261671410721 -0.351675482988 0.27040350348 44.7798375005
44.3113037402 -0.403869324512 -0.296506205702 -0.384711549344 44.0668927246 0.639021269767 -0.296014990174 0.636495421844 44.977529025
43.0695458441 -0.153011973902 0.435573238358 -0.147113059928 45.1377136961 -0.165404988713 0.437348503188 -0.163178778059 43.7412634717
44.0846555507 -1.04016432729 0.185769621946 -1.02639044414 42.8812658839 0.271569731493 0.188597005316 0.27450436182 43.7809867078
44.9616965951 -0.477040305453 -0.113049408838 -0.469520863408 45.1338854091 -0.664415932133 -0.108539325743 -0.649875990601 45.2175768122
45.6134155995 -0.698395177582 0.325911698377 -0.673580317587 46.1029907168 -0.183879557516 0.347367765987 -0.168722877303 44.663149103
44.6541400978 0.614667933402 -0.379434037991 0.617354174455 45.464962184 0.218578498716 -0.378869554957 0.23929746205 45.5373002775
44.120449632 0.135469012023 -0.301377826684 0.1533990853 44.4657575742 -0.142568600961 -0.30506460217 -0.141870685878 44.4499278167
44.4295855674 0.00791811126799 -0.552978889097 0.0110681886293 43.4426514843 0.141777985549 -0.550815684618 0.150947496827 43.8466533211
44.7289324516 -0.146512919126 0.56523990524 -0.125509440983 44.170837486 -0.0278365870057 0.560666905841 -0.0351629247207 43.9294503815
44.5687628264 -0.398523707403 -0.125481000373 -0.386049856645 44.6553626804 0.381854032121 -0.121892966385 0.384083750295 44.0406794411
44.524656572 -0.123170432111 -0.424521335633 -0.118394623795 43.5390166722 -0.0260444712998 -0.421975903502 -0.00433662344126 43.8587744065
45.0059834322 1.12041004191 0.345644315641 1.1318486221 45.1692411433 0.0467141254598 0.347335107802 0.0651173446887 44.1826950073
44.2679400174 0.0348361737663 0.386477554152 0.0425439164378 43.4459499352 -0.118222785802 0.376485357093 -0.1215101316 44.9227123866
44.3661986633 -0.491688520245 -0.388702022122 -0.48497698347 44.3143285433 -0.140823658367 -0.389120224219 -0.128357362418 43.3218318528
43.1376408155 0.530391927378 0.224179157221 0.536998602006 42.422783992 -0.717563318654 0.232469840845 -0.702622363341 43.2077089176
45.2767401203 0.293844313 -0.250908759683 0.304456064187 44.1167325722 0.138864578458 -0.244186479645 0.153192608996 44.6872769681
43.8909251093 -0.309765250054 0.147744384527 -0.303236262672 43.2103067174 0.14700424765 0.151565306968 0.154339262791 43.5827964841
43.0165510696 -0.733175800196 0.352746916805 -0.727129208466 43.0223438121 -0.627701414571 0.348802481937 -0.620759479947 42.9080286742
44.3515594914 -0.00630743932087 0.367526390573 -0.00983133913811 45.3091034257 0.558220792384 0.357290583511 0.558596189494 46.2078621984
43.7512940704 0.123504595385 -0.756743593489 0.130188922894 43.6160600115 -0.200192588039 -0.75976491258 -0.185564709227 45.5181453481
43.8480826571 -0.385339941901 0.0938594069943 -0.383636644231 43.2772813083 0.153680023251 0.0890920653247 0.15280599587 44.1148851485
44.3360129028 0.135742707247 0.361003693236 0.136423939978 44.6201861196 0.262798704019 0.356854120944 0.277270035713 45.3776521123
45.2921731212 -0.369427692987 0.357048255779 -0.351004403851 43.5181901733 0.432119127485 0.369099957411 0.441138883725 44.2600059419
43.7959387299 0.3624397182 0.581929300654 0.36027259861 42.9299697693 -0.679501491758 0.580521715266 -0.664105850333 43.0781356804
43.0637905063 0.28195864808 -0.237637908568 0.294116154668 42.7529568238 0.567097256607 -0.239705729252 0.572221543866 43.2645542895
45.1975019931 -0.564844999311 -0.0558425339921 -0.558051201696 44.6508242737 -0.0608917040621 -0.0464549201472 -0.053677748713 44.2052346153
43.6368531176 0.356903141194 0.0715880302973 0.357497384514 44.5475423493 0.312725766218 0.0624490906927 0.327872306869 44.5850611116
44.7595480518 0.601490353609 -0.38034527015 0.613437570559 45.6415254426 -0.263356380098 -0.365230215317 -0.249981923004 45.6591169174
44.2930556154 0.564251057038 -0.378452279259 0.569508520557 43.7894077755 0.112914967847 -0.381881653166 0.120170967418 44.7842710063
45.1954727467 -1.59573636008 0.0177582606267 -1.58908386137 44.9167013357 -0.208407409046 0.0147115850863 -0.190340452674 44.7121557912
43.714332825 0.031301685136 0.427118974196 0.0192335190375 44.400070555 0.484703613461 0.409616033538 0.489241597526 44.6800166182
45.8869112125 -0.403242832595 -0.566492029162 -0.38321039638 45.3278176243 0.00174550049112 -0.561295681275 0.0126674100146 45.0840579563
43.5853639938 -0.279482468787 0.437845267785 -0.266500917706 43.9436791062 -0.538884276019 0.443202922385 -0.52413047667 45.2287917756
44.9137576149 -0.527499656091 -0.768986624806 -0.520542713206 45.1958890371 0.0626735733869 -0.770410387582 0.0698461637004 45.9638973242
43.8983597512 0.241400094433 -0.21464412171 0.260799740012 44.1132313241 -0.197194677153 -0.213329335454 -0.197156907579 43.4300423582
43.6885571896 0.0365914795613 0.0630121231034 0.0461474698799 43.5585749815 -0.113167776003 0.0588836843619 -0.111590881302 43.0666656473
44.3171256005 0.205335882095 0.223893362449 0.217014931932 45.4940210452 -0.383014991005 0.231934060723 -0.373707321784 44.1418202236
44.7733421667 0.980211068132 -0.0743684894764 0.986879310604 46.4202136258 0.735695619095 -0.0624882399359 0.757483696225 45.3760955387
44.1441665102 0.800355774152 -0.15883580314 0.811045661885 44.2250396051 0.349629681252 -0.144936610256 0.365975120738 43.9562768869
44.5380556118 -0.400253632154 0.560066843584 -0.3933668322 44.4977973697 0.697943964325 0.553153938934 0.703421176009 45.3544151112
45.3920983514 0.397180327106 -0.0491279518557 0.417158137064 43.9647094016 -0.455032647281 -0.0549745002286 -0.450174630158 44.1253805702
44.6864592854 0.180200995029 -1.51205697214 0.194311199491 44.5812013186 0.789338667087 -1.50186042337 0.805248043119 46.3072767007
44.9988030184 -0.139043230915 0.0677804691743 -0.129615446547 44.2180100896 -0.016244250994 0.062545890528 -0.00805090729404 44.3941417175
45.6079564587 0.0691173703027 -0.115411152836 0.0756911657461 44.0239653361 -0.162526446615 -0.10761138411 -0.147579028523 45.344094399
44.4586417128 0.431204332551 0.0337855326369 0.438807292014 43.7255975654 -0.252060149266 0.0386490220703 -0.236731195111 43.6031595876
