9.67446 0.0 0.0 0.0 9.67446 0.0 0.0 0.0 9.67446
10.25055 0.0 0.0 0.0 10.25055 0.0 0.0 0.0 10.25055
10.05970 0.0 0.0 0.0 10.05970 0.0 0.0 0.0 10.05970
10.08227 0.0 0.0 0.0 10.08227 0.0 0.0 0.0 10.08227
10.39741 0.0 0.0 0.0 10.39741 0.0 0.0 0.0 10.39741
9.78248 0.0 0.0 0.0 9.78248 0.0 0.0 0.0 9.78248
9.95375 0.0 0.0 0.0 9.95375 0.0 0.0 0.0 9.95375
9.55605 0.0 0.0 0.0 9.55605 0.0 0.0 0.0 9.55605
9.91303 0.0 0.0 0.0 9.91303 0.0 0.0 0.0 9.91303
9.87809 0.0 0.0 0.0 9.87809 0.0 0.0 0.0 9.87809
9.93999 0.0 0.0 0.0 9.93999 0.0 0.0 0.0 9.93999
10.08837 0.0 0.0 0.0 10.08837 0.0 0.0 0.0 10.08837
9.75124 0.0 0.0 0.0 9.75124 0.0 0.0 0.0 9.75124
9.76134 0.0 0.0 0.0 9.76134 0.0 0.0 0.0 9.76134
10.05615 0.0 0.0 0.0 10.05615 0.0 0.0 0.0 10.05615
9.97320 0.0 0.0 0.0 9.97320 0.0 0.0 0.0 9.97320
9.97129 0.0 0.0 0.0 9.97129 0.0 0.0 0.0 9.97129
10.16939 0.0 0.0 0.0 10.16939 0.0 0.0 0.0 10.16939
9.62523 0.0 0.0 0.0 9.62523 0.0 0.0 0.0 9.62523
10.04115 0.0 0.0 0.0 10.04115 0.0 0.0 0.0 10.04115
10.11203 0.0 0.0 0.0 10.11203 0.0 0.0 0.0 10.11203
9.70520 0.0 0.0 0.0 9.70520 0.0 0.0 0.0 9.70520
10.12144 0.0 0.0 0.0 10.12144 0.0 0.0 0.0 10.12144
9.92803 0.0 0.0 0.0 9.92803 0.0 0.0 0.0 9.92803
9.98637 0.0 0.0 0.0 9.98637 0.0 0.0 0.0 9.98637
9.87269 0.0 0.0 0.0 9.87269 0.0 0.0 0.0 9.87269
10.09277 0.0 0.0 0.0 10.09277 0.0 0.0 0.0 10.09277
10.21643 0.0 0.0 0.0 10.21643 0.0 0.0 0.0 10.21643
9.57902 0.0 0.0 0.0 9.57902 0.0 0.0 0.0 9.57902
9.52691 0.0 0.0 0.0 9.52691 0.0 0.0 0.0 9.52691
9.71192 0.0 0.0 0.0 9.71192 0.0 0.0 0.0 9.71192
10.11927 0.0 0.0 0.0 10.11927 0.0 0.0 0.0 10.11927
9.49964 0.0 0.0 0.0 9.49964 0.0 0.0 0.0 9.49964
9.81408 0.0 0.0 0.0 9.81408 0.0 0.0 0.0 9.81408
10.02139 0.0 0.0 0.0 10.02139 0.0 0.0 0.0 10.02139
10.29621 0.0 0.0 0.0 10.29621 0.0 0.0 0.0 10.29621
9.83349 0.0 0.0 0.0 9.83349 0.0 0.0 0.0 9.83349
10.05419 0.0 0.0 0.0 10.05419 0.0 0.0 0.0 10.05419
9.78638 0.0 0.0 0.0 9.78638 0.0 0.0 0.0 9.78638
10.05613 0.0 0.0 0.0 10.05613 0.0 0.0 0.0 10.05613
9.86999 0.0 0.0 0.0 9.86999 0.0 0.0 0.0 9.86999
9.92998 0.0 0.0 0.0 9.92998 0.0 0.0 0.0 9.92998
9.92380 0.0 0.0 0.0 9.92380 0.0 0.0 0.0 9.92380
10.13963 0.0 0.0 0.0 10.13963 0.0 0.0 0.0 10.13963
9.84878 0.0 0.0 0.0 9.84878 0.0 0.0 0.0 9.84878
9.84636 0.0 0.0 0.0 9.84636 0.0 0.0 0.0 9.84636
9.94177 0.0 0.0 0.0 9.94177 0.0 0.0 0.0 9.94177
10.12394 0.0 0.0 0.0 10.12394 0.0 0.0 0.0 10.12394
9.80392 0.0 0.0 0.0 9.80392 0.0 0.0 0.0 9.80392
9.81389 0.0 0.0 0.0 9.81389 0.0 0.0 0.0 9.81389
9.92308 0.0 0.0 0.0 9.92308 0.0 0.0 0.0 9.92308
10.19941 0.0 0.0 0.0 10.19941 0.0 0.0 0.0 10.19941
9.89015 0.0 0.0 0.0 9.89015 0.0 0.0 0.0 9.89015
10.31821 0.0 0.0 0.0 10.31821 0.0 0.0 0.0 10.31821
9.70564 0.0 0.0 0.0 9.70564 0.0 0.0 0.0 9.70564
9.86450 0.0 0.0 0.0 9.86450 0.0 0.0 0.0 9.86450
9.98139 0.0 0.0 0.0 9.98139 0.0 0.0 0.0 9.98139
10.02465 0.0 0.0 0.0 10.02465 0.0 0.0 0.0 10.02465
9.77006 0.0 0.0 0.0 9.77006 0.0 0.0 0.0 9.77006
9.85294 0.0 0.0 0.0 9.85294 0.0 0.0 0.0 9.85294
9.91204 0.0 0.0 0.0 9.91204 0.0 0.0 0.0 9.91204
9.70137 0.0 0.0 0.0 9.70137 0.0 0.0 0.0 9.70137
9.93565 0.0 0.0 0.0 9.93565 0.0 0.0 0.0 9.93565
9.83477 0.0 0.0 0.0 9.83477 0.0 0.0 0.0 9.83477
9.98997 0.0 0.0 0.0 9.98997 0.0 0.0 0.0 9.98997
9.62388 0.0 0.0 0.0 9.62388 0.0 0.0 0.0 9.62388
9.98550 0.0 0.0 0.0 9.98550 0.0 0.0 0.0 9.98550
9.74284 0.0 0.0 0.0 9.74284 0.0 0.0 0.0 9.74284
9.77558 0.0 0.0 0.0 9.77558 0.0 0.0 0.0 9.77558
9.96106 0.0 0.0 0.0 9.96106 0.0 0.0 0.0 9.96106
10.29633 0.0 0.0 0.0 10.29633 0.0 0.0 0.0 10.29633
9.79250 0.0 0.0 0.0 9.79250 0.0 0.0 0.0 9.79250
10.07305 0.0 0.0 0.0 10.07305 0.0 0.0 0.0 10.07305
10.13029 0.0 0.0 0.0 10.13029 0.0 0.0 0.0 10.13029
9.56361 0.0 0.0 0.0 9.56361 0.0 0.0 0.0 9.56361
10.06413 0.0 0.0 0.0 10.06413 0.0 0.0 0.0 10.06413
9.88753 0.0 0.0 0.0 9.88753 0.0 0.0 0.0 9.88753
9.83847 0.0 0.0 0.0 9.83847 0.0 0.0 0.0 9.83847
9.82536 0.0 0.0 0.0 9.82536 0.0 0.0 0.0 9.82536
9.62870 0.0 0.0 0.0 9.62870 0.0 0.0 0.0 9.62870
9.74612 0.0 0.0 0.0 9.74612 0.0 0.0 0.0 9.74612
9.71556 0.0 0.0 0.0 9.71556 0.0 0.0 0.0 9.71556
9.88411 0.0 0.0 0.0 9.88411 0.0 0.0 0.0 9.88411
10.08858 0.0 0.0 0.0 10.08858 0.0 0.0 0.0 10.08858
9.93382 0.0 0.0 0.0 9.93382 0.0 0.0 0.0 9.93382
9.94601 0.0 0.0 0.0 9.94601 0.0 0.0 0.0 9.94601
10.02847 0.0 0.0 0.0 10.02847 0.0 0.0 0.0 10.02847
9.89610 0.0 0.0 0.0 9.89610 0.0 0.0 0.0 9.89610
10.12170 0.0 0.0 0.0 10.12170 0.0 0.0 0.0 10.12170
9.67048 0.0 0.0 0.0 9.67048 0.0 0.0 0.0 9.67048
10.02423 0.0 0.0 0.0 10.02423 0.0 0.0 0.0 10.02423
10.10373 0.0 0.0 0.0 10.10373 0.0 0.0 0.0 10.10373
9.89115 0.0 0.0 0.0 9.89115 0.0 0.0 0.0 9.89115
9.94111 0.0 0.0 0.0 9.94111 0.0 0.0 0.0 9.94111
9.91838 0.0 0.0 0.0 9.91838 0.0 0.0 0.0 9.91838
9.76940 0.0 0.0 0.0 9.76940 0.0 0.0 0.0 9.76940
10.25958 0.0 0.0 0.0 10.25958 0.0 0.0 0.0 10.25958
9.88749 0.0 0.0 0.0 9.88749 0.0 0.0 0.0 9.88749
9.67398 0.0 0.0 0.0 9.67398 0.0 0.0 0.0 9.67398
9.91346 0.0 0.0 0.0 9.91346 0.0 0.0 0.0 9.91346
10.11688 0.0 0.0 0.0 10.11688 0.0 0.0 0.0 10.11688
10.17726 0.0 0.0 0.0 10.17726 0.0 0.0 0.0 10.17726
9.80162 0.0 0.0 0.0 9.80162 0.0 0.0 0.0 9.80162
9.78876 0.0 0.0 0.0 9.78876 0.0 0.0 0.0 9.78876
9.97992 0.0 0.0 0.0 9.97992 0.0 0.0 0.0 9.97992
10.10712 0.0 0.0 0.0 10.10712 0.0 0.0 0.0 10.10712
9.98208 0.0 0.0 0.0 9.98208 0.0 0.0 0.0 9.98208
10.08581 0.0 0.0 0.0 10.08581 0.0 0.0 0.0 10.08581
10.10590 0.0 0.0 0.0 10.10590 0.0 0.0 0.0 10.10590
9.99344 0.0 0.0 0.0 9.99344 0.0 0.0 0.0 9.99344
9.81976 0.0 0.0 0.0 9.81976 0.0 0.0 0.0 9.81976
10.05149 0.0 0.0 0.0 10.05149 0.0 0.0 0.0 10.05149
9.84726 0.0 0.0 0.0 9.84726 0.0 0.0 0.0 9.84726
10.16902 0.0 0.0 0.0 10.16902 0.0 0.0 0.0 10.16902
9.76267 0.0 0.0 0.0 9.76267 0.0 0.0 0.0 9.76267
9.95592 0.0 0.0 0.0 9.95592 0.0 0.0 0.0 9.95592
9.88514 0.0 0.0 0.0 9.88514 0.0 0.0 0.0 9.88514
10.02182 0.0 0.0 0.0 10.02182 0.0 0.0 0.0 10.02182
10.08643 0.0 0.0 0.0 10.08643 0.0 0.0 0.0 10.08643
10.14207 0.0 0.0 0.0 10.14207 0.0 0.0 0.0 10.14207
10.00146 0.0 0.0 0.0 10.00146 0.0 0.0 0.0 10.00146
9.84945 0.0 0.0 0.0 9.84945 0.0 0.0 0.0 9.84945
9.74746 0.0 0.0 0.0 9.74746 0.0 0.0 0.0 9.74746
10.14495 0.0 0.0 0.0 10.14495 0.0 0.0 0.0 10.14495
10.33538 0.0 0.0 0.0 10.33538 0.0 0.0 0.0 10.33538
9.91758 0.0 0.0 0.0 9.91758 0.0 0.0 0.0 9.91758
9.92468 0.0 0.0 0.0 9.92468 0.0 0.0 0.0 9.92468
9.88769 0.0 0.0 0.0 9.88769 0.0 0.0 0.0 9.88769
10.35020 0.0 0.0 0.0 10.35020 0.0 0.0 0.0 10.35020
10.23876 0.0 0.0 0.0 10.23876 0.0 0.0 0.0 10.23876
10.14296 0.0 0.0 0.0 10.14296 0.0 0.0 0.0 10.14296
9.81519 0.0 0.0 0.0 9.81519 0.0 0.0 0.0 9.81519
9.84538 0.0 0.0 0.0 9.84538 0.0 0.0 0.0 9.84538
10.21133 0.0 0.0 0.0 10.21133 0.0 0.0 0.0 10.21133
10.37383 0.0 0.0 0.0 10.37383 0.0 0.0 0.0 10.37383
9.99191 0.0 0.0 0.0 9.99191 0.0 0.0 0.0 9.99191
9.90055 0.0 0.0 0.0 9.90055 0.0 0.0 0.0 9.90055
9.92192 0.0 0.0 0.0 9.92192 0.0 0.0 0.0 9.92192
9.68770 0.0 0.0 0.0 9.68770 0.0 0.0 0.0 9.68770
9.67454 0.0 0.0 0.0 9.67454 0.0 0.0 0.0 9.67454
9.88661 0.0 0.0 0.0 9.88661 0.0 0.0 0.0 9.88661
9.85320 0.0 0.0 0.0 9.85320 0.0 0.0 0.0 9.85320
9.82073 0.0 0.0 0.0 9.82073 0.0 0.0 0.0 9.82073
10.11069 0.0 0.0 0.0 10.11069 0.0 0.0 0.0 10.11069
9.97880 0.0 0.0 0.0 9.97880 0.0 0.0 0.0 9.97880
9.85085 0.0 0.0 0.0 9.85085 0.0 0.0 0.0 9.85085
9.69384 0.0 0.0 0.0 9.69384 0.0 0.0 0.0 9.69384
9.93713 0.0 0.0 0.0 9.93713 0.0 0.0 0.0 9.93713
9.97013 0.0 0.0 0.0 9.97013 0.0 0.0 0.0 9.97013
9.91576 0.0 0.0 0.0 9.91576 0.0 0.0 0.0 9.91576
9.66792 0.0 0.0 0.0 9.66792 0.0 0.0 0.0 9.66792
9.96363 0.0 0.0 0.0 9.96363 0.0 0.0 0.0 9.96363
9.75665 0.0 0.0 0.0 9.75665 0.0 0.0 0.0 9.75665
9.81208 0.0 0.0 0.0 9.81208 0.0 0.0 0.0 9.81208
9.79495 0.0 0.0 0.0 9.79495 0.0 0.0 0.0 9.79495
10.00544 0.0 0.0 0.0 10.00544 0.0 0.0 0.0 10.00544
10.08245 0.0 0.0 0.0 10.08245 0.0 0.0 0.0 10.08245
9.73997 0.0 0.0 0.0 9.73997 0.0 0.0 0.0 9.73997
10.11502 0.0 0.0 0.0 10.11502 0.0 0.0 0.0 10.11502
10.01463 0.0 0.0 0.0 10.01463 0.0 0.0 0.0 10.01463
9.79896 0.0 0.0 0.0 9.79896 0.0 0.0 0.0 9.79896
10.24051 0.0 0.0 0.0 10.24051 0.0 0.0 0.0 10.24051
9.77604 0.0 0.0 0.0 9.77604 0.0 0.0 0.0 9.77604
10.00830 0.0 0.0 0.0 10.00830 0.0 0.0 0.0 10.00830
9.63835 0.0 0.0 0.0 9.63835 0.0 0.0 0.0 9.63835
9.83597 0.0 0.0 0.0 9.83597 0.0 0.0 0.0 9.83597
10.01582 0.0 0.0 0.0 10.01582 0.0 0.0 0.0 10.01582
9.87029 0.0 0.0 0.0 9.87029 0.0 0.0 0.0 9.87029
10.01687 0.0 0.0 0.0 10.01687 0.0 0.0 0.0 10.01687
9.67755 0.0 0.0 0.0 9.67755 0.0 0.0 0.0 9.67755
9.98875 0.0 0.0 0.0 9.98875 0.0 0.0 0.0 9.98875
10.04728 0.0 0.0 0.0 10.04728 0.0 0.0 0.0 10.04728
9.69121 0.0 0.0 0.0 9.69121 0.0 0.0 0.0 9.69121
9.79226 0.0 0.0 0.0 9.79226 0.0 0.0 0.0 9.79226
10.05092 0.0 0.0 0.0 10.05092 0.0 0.0 0.0 10.05092
9.57966 0.0 0.0 0.0 9.57966 0.0 0.0 0.0 9.57966
10.11878 0.0 0.0 0.0 10.11878 0.0 0.0 0.0 10.11878
9.90131 0.0 0.0 0.0 9.90131 0.0 0.0 0.0 9.90131
10.03316 0.0 0.0 0.0 10.03316 0.0 0.0 0.0 10.03316
9.71932 0.0 0.0 0.0 9.71932 0.0 0.0 0.0 9.71932
9.75870 0.0 0.0 0.0 9.75870 0.0 0.0 0.0 9.75870
9.90803 0.0 0.0 0.0 9.90803 0.0 0.0 0.0 9.90803
9.75855 0.0 0.0 0.0 9.75855 0.0 0.0 0.0 9.75855
10.05379 0.0 0.0 0.0 10.05379 0.0 0.0 0.0 10.05379
10.03265 0.0 0.0 0.0 10.03265 0.0 0.0 0.0 10.03265
10.08837 0.0 0.0 0.0 10.08837 0.0 0.0 0.0 10.08837
9.85641 0.0 0.0 0.0 9.85641 0.0 0.0 0.0 9.85641
9.81643 0.0 0.0 0.0 9.81643 0.0 0.0 0.0 9.81643
9.78237 0.0 0.0 0.0 9.78237 0.0 0.0 0.0 9.78237
9.95075 0.0 0.0 0.0 9.95075 0.0 0.0 0.0 9.95075
9.71997 0.0 0.0 0.0 9.71997 0.0 0.0 0.0 9.71997
10.14130 0.0 0.0 0.0 10.14130 0.0 0.0 0.0 10.14130
10.03065 0.0 0.0 0.0 10.03065 0.0 0.0 0.0 10.03065
9.85833 0.0 0.0 0.0 9.85833 0.0 0.0 0.0 9.85833
9.81924 0.0 0.0 0.0 9.81924 0.0 0.0 0.0 9.81924
9.64540 0.0 0.0 0.0 9.64540 0.0 0.0 0.0 9.64540
10.02017 0.0 0.0 0.0 10.02017 0.0 0.0 0.0 10.02017
9.92908 0.0 0.0 0.0 9.92908 0.0 0.0 0.0 9.92908
10.34849 0.0 0.0 0.0 10.34849 0.0 0.0 0.0 10.34849
10.00663 0.0 0.0 0.0 10.00663 0.0 0.0 0.0 10.00663
9.68326 0.0 0.0 0.0 9.68326 0.0 0.0 0.0 9.68326
9.71749 0.0 0.0 0.0 9.71749 0.0 0.0 0.0 9.71749
9.81727 0.0 0.0 0.0 9.81727 0.0 0.0 0.0 9.81727
10.15704 0.0 0.0 0.0 10.15704 0.0 0.0 0.0 10.15704
9.66717 0.0 0.0 0.0 9.66717 0.0 0.0 0.0 9.66717
9.86654 0.0 0.0 0.0 9.86654 0.0 0.0 0.0 9.86654
9.96519 0.0 0.0 0.0 9.96519 0.0 0.0 0.0 9.96519
9.76209 0.0 0.0 0.0 9.76209 0.0 0.0 0.0 9.76209
9.94021 0.0 0.0 0.0 9.94021 0.0 0.0 0.0 9.94021
10.24545 0.0 0.0 0.0 10.24545 0.0 0.0 0.0 10.24545
9.87466 0.0 0.0 0.0 9.87466 0.0 0.0 0.0 9.87466
9.85188 0.0 0.0 0.0 9.85188 0.0 0.0 0.0 9.85188
9.95163 0.0 0.0 0.0 9.95163 0.0 0.0 0.0 9.95163
9.68878 0.0 0.0 0.0 9.68878 0.0 0.0 0.0 9.68878
9.72387 0.0 0.0 0.0 9.72387 0.0 0.0 0.0 9.72387
9.91953 0.0 0.0 0.0 9.91953 0.0 0.0 0.0 9.91953
9.72345 0.0 0.0 0.0 9.72345 0.0 0.0 0.0 9.72345
9.79509 0.0 0.0 0.0 9.79509 0.0 0.0 0.0 9.79509
9.80408 0.0 0.0 0.0 9.80408 0.0 0.0 0.0 9.80408
10.01169 0.0 0.0 0.0 10.01169 0.0 0.0 0.0 10.01169
10.19469 0.0 0.0 0.0 10.19469 0.0 0.0 0.0 10.19469
9.80453 0.0 0.0 0.0 9.80453 0.0 0.0 0.0 9.80453
9.99861 0.0 0.0 0.0 9.99861 0.0 0.0 0.0 9.99861
9.83459 0.0 0.0 0.0 9.83459 0.0 0.0 0.0 9.83459
9.99947 0.0 0.0 0.0 9.99947 0.0 0.0 0.0 9.99947
9.94622 0.0 0.0 0.0 9.94622 0.0 0.0 0.0 9.94622
9.98088 0.0 0.0 0.0 9.98088 0.0 0.0 0.0 9.98088
9.98701 0.0 0.0 0.0 9.98701 0.0 0.0 0.0 9.98701
9.80628 0.0 0.0 0.0 9.80628 0.0 0.0 0.0 9.80628
9.96795 0.0 0.0 0.0 9.96795 0.0 0.0 0.0 9.96795
9.91125 0.0 0.0 0.0 9.91125 0.0 0.0 0.0 9.91125
9.89313 0.0 0.0 0.0 9.89313 0.0 0.0 0.0 9.89313
9.80575 0.0 0.0 0.0 9.80575 0.0 0.0 0.0 9.80575
10.33177 0.0 0.0 0.0 10.33177 0.0 0.0 0.0 10.33177
10.03341 0.0 0.0 0.0 10.03341 0.0 0.0 0.0 10.03341
10.02187 0.0 0.0 0.0 10.02187 0.0 0.0 0.0 10.02187
9.78984 0.0 0.0 0.0 9.78984 0.0 0.0 0.0 9.78984
9.93275 0.0 0.0 0.0 9.93275 0.0 0.0 0.0 9.93275
10.33509 0.0 0.0 0.0 10.33509 0.0 0.0 0.0 10.33509
9.98258 0.0 0.0 0.0 9.98258 0.0 0.0 0.0 9.98258
9.83622 0.0 0.0 0.0 9.83622 0.0 0.0 0.0 9.83622
10.11111 0.0 0.0 0.0 10.11111 0.0 0.0 0.0 10.11111
9.84894 0.0 0.0 0.0 9.84894 0.0 0.0 0.0 9.84894
9.87489 0.0 0.0 0.0 9.87489 0.0 0.0 0.0 9.87489
9.76621 0.0 0.0 0.0 9.76621 0.0 0.0 0.0 9.76621
9.85208 0.0 0.0 0.0 9.85208 0.0 0.0 0.0 9.85208
9.70214 0.0 0.0 0.0 9.70214 0.0 0.0 0.0 9.70214
10.12551 0.0 0.0 0.0 10.12551 0.0 0.0 0.0 10.12551
9.89386 0.0 0.0 0.0 9.89386 0.0 0.0 0.0 9.89386
9.78687 0.0 0.0 0.0 9.78687 0.0 0.0 0.0 9.78687
10.10558 0.0 0.0 0.0 10.10558 0.0 0.0 0.0 10.10558
9.92947 0.0 0.0 0.0 9.92947 0.0 0.0 0.0 9.92947
9.98751 0.0 0.0 0.0 9.98751 0.0 0.0 0.0 9.98751
9.98066 0.0 0.0 0.0 9.98066 0.0 0.0 0.0 9.98066
10.09909 0.0 0.0 0.0 10.09909 0.0 0.0 0.0 10.09909
9.88950 0.0 0.0 0.0 9.88950 0.0 0.0 0.0 9.88950
10.22910 0.0 0.0 0.0 10.22910 0.0 0.0 0.0 10.22910
9.84060 0.0 0.0 0.0 9.84060 0.0 0.0 0.0 9.84060
10.10821 0.0 0.0 0.0 10.10821 0.0 0.0 0.0 10.10821
9.84697 0.0 0.0 0.0 9.84697 0.0 0.0 0.0 9.84697
9.98523 0.0 0.0 0.0 9.98523 0.0 0.0 0.0 9.98523
10.04334 0.0 0.0 0.0 10.04334 0.0 0.0 0.0 10.04334
10.04315 0.0 0.0 0.0 10.04315 0.0 0.0 0.0 10.04315
10.32814 0.0 0.0 0.0 10.32814 0.0 0.0 0.0 10.32814
9.75012 0.0 0.0 0.0 9.75012 0.0 0.0 0.0 9.75012
9.96956 0.0 0.0 0.0 9.96956 0.0 0.0 0.0 9.96956
9.84217 0.0 0.0 0.0 9.84217 0.0 0.0 0.0 9.84217
9.89799 0.0 0.0 0.0 9.89799 0.0 0.0 0.0 9.89799
9.77900 0.0 0.0 0.0 9.77900 0.0 0.0 0.0 9.77900
10.29036 0.0 0.0 0.0 10.29036 0.0 0.0 0.0 10.29036
9.92287 0.0 0.0 0.0 9.92287 0.0 0.0 0.0 9.92287
9.99443 0.0 0.0 0.0 9.99443 0.0 0.0 0.0 9.99443
9.91522 0.0 0.0 0.0 9.91522 0.0 0.0 0.0 9.91522
9.78666 0.0 0.0 0.0 9.78666 0.0 0.0 0.0 9.78666
10.00834 0.0 0.0 0.0 10.00834 0.0 0.0 0.0 10.00834
10.00665 0.0 0.0 0.0 10.00665 0.0 0.0 0.0 10.00665
9.78492 0.0 0.0 0.0 9.78492 0.0 0.0 0.0 9.78492
9.67462 0.0 0.0 0.0 9.67462 0.0 0.0 0.0 9.67462
9.84941 0.0 0.0 0.0 9.84941 0.0 0.0 0.0 9.84941
9.76837 0.0 0.0 0.0 9.76837 0.0 0.0 0.0 9.76837
10.02315 0.0 0.0 0.0 10.02315 0.0 0.0 0.0 10.02315
10.17704 0.0 0.0 0.0 10.17704 0.0 0.0 0.0 10.17704
9.63822 0.0 0.0 0.0 9.63822 0.0 0.0 0.0 9.63822
9.81483 0.0 0.0 0.0 9.81483 0.0 0.0 0.0 9.81483
9.78717 0.0 0.0 0.0 9.78717 0.0 0.0 0.0 9.78717
9.75507 0.0 0.0 0.0 9.75507 0.0 0.0 0.0 9.75507
10.10432 0.0 0.0 0.0 10.10432 0.0 0.0 0.0 10.10432
9.70890 0.0 0.0 0.0 9.70890 0.0 0.0 0.0 9.70890
9.95905 0.0 0.0 0.0 9.95905 0.0 0.0 0.0 9.95905
9.78198 0.0 0.0 0.0 9.78198 0.0 0.0 0.0 9.78198
9.97974 0.0 0.0 0.0 9.97974 0.0 0.0 0.0 9.97974
9.91149 0.0 0.0 0.0 9.91149 0.0 0.0 0.0 9.91149
9.98563 0.0 0.0 0.0 9.98563 0.0 0.0 0.0 9.98563
9.76860 0.0 0.0 0.0 9.76860 0.0 0.0 0.0 9.76860
9.82300 0.0 0.0 0.0 9.82300 0.0 0.0 0.0 9.82300
9.81968 0.0 0.0 0.0 9.81968 0.0 0.0 0.0 9.81968
10.00641 0.0 0.0 0.0 10.00641 0.0 0.0 0.0 10.00641
10.05741 0.0 0.0 0.0 10.05741 0.0 0.0 0.0 10.05741
9.87431 0.0 0.0 0.0 9.87431 0.0 0.0 0.0 9.87431
9.66762 0.0 0.0 0.0 9.66762 0.0 0.0 0.0 9.66762
9.79256 0.0 0.0 0.0 9.79256 0.0 0.0 0.0 9.79256
9.88188 0.0 0.0 0.0 9.88188 0.0 0.0 0.0 9.88188
9.75041 0.0 0.0 0.0 9.75041 0.0 0.0 0.0 9.75041
9.99227 0.0 0.0 0.0 9.99227 0.0 0.0 0.0 9.99227
9.92500 0.0 0.0 0.0 9.92500 0.0 0.0 0.0 9.92500
10.13341 0.0 0.0 0.0 10.13341 0.0 0.0 0.0 10.13341
9.96024 0.0 0.0 0.0 9.96024 0.0 0.0 0.0 9.96024
10.00612 0.0 0.0 0.0 10.00612 0.0 0.0 0.0 10.00612
10.02225 0.0 0.0 0.0 10.02225 0.0 0.0 0.0 10.02225
9.72183 0.0 0.0 0.0 9.72183 0.0 0.0 0.0 9.72183
9.96426 0.0 0.0 0.0 9.96426 0.0 0.0 0.0 9.96426
10.10924 0.0 0.0 0.0 10.10924 0.0 0.0 0.0 10.10924
9.92552 0.0 0.0 0.0 9.92552 0.0 0.0 0.0 9.92552
9.79116 0.0 0.0 0.0 9.79116 0.0 0.0 0.0 9.79116
10.09314 0.0 0.0 0.0 10.09314 0.0 0.0 0.0 10.09314
9.88375 0.0 0.0 0.0 9.88375 0.0 0.0 0.0 9.88375
10.13301 0.0 0.0 0.0 10.13301 0.0 0.0 0.0 10.13301
9.80859 0.0 0.0 0.0 9.80859 0.0 0.0 0.0 9.80859
10.08696 0.0 0.0 0.0 10.08696 0.0 0.0 0.0 10.08696
10.13398 0.0 0.0 0.0 10.13398 0.0 0.0 0.0 10.13398
9.86628 0.0 0.0 0.0 9.86628 0.0 0.0 0.0 9.86628
9.81308 0.0 0.0 0.0 9.81308 0.0 0.0 0.0 9.81308
10.11921 0.0 0.0 0.0 10.11921 0.0 0.0 0.0 10.11921
10.16637 0.0 0.0 0.0 10.16637 0.0 0.0 0.0 10.16637
9.96583 0.0 0.0 0.0 9.96583 0.0 0.0 0.0 9.96583
9.94632 0.0 0.0 0.0 9.94632 0.0 0.0 0.0 9.94632
10.24334 0.0 0.0 0.0 10.24334 0.0 0.0 0.0 10.24334
10.01728 0.0 0.0 0.0 10.01728 0.0 0.0 0.0 10.01728
10.18695 0.0 0.0 0.0 10.18695 0.0 0.0 0.0 10.18695
9.97629 0.0 0.0 0.0 9.97629 0.0 0.0 0.0 9.97629
9.90301 0.0 0.0 0.0 9.90301 0.0 0.0 0.0 9.90301
9.89249 0.0 0.0 0.0 9.89249 0.0 0.0 0.0 9.89249
9.71296 0.0 0.0 0.0 9.71296 0.0 0.0 0.0 9.71296
9.73624 0.0 0.0 0.0 9.73624 0.0 0.0 0.0 9.73624
9.98072 0.0 0.0 0.0 9.98072 0.0 0.0 0.0 9.98072
10.11679 0.0 0.0 0.0 10.11679 0.0 0.0 0.0 10.11679
9.79512 0.0 0.0 0.0 9.79512 0.0 0.0 0.0 9.79512
10.28018 0.0 0.0 0.0 10.28018 0.0 0.0 0.0 10.28018
9.70891 0.0 0.0 0.0 9.70891 0.0 0.0 0.0 9.70891
9.84963 0.0 0.0 0.0 9.84963 0.0 0.0 0.0 9.84963
9.90370 0.0 0.0 0.0 9.90370 0.0 0.0 0.0 9.90370
10.43659 0.0 0.0 0.0 10.43659 0.0 0.0 0.0 10.43659
10.03503 0.0 0.0 0.0 10.03503 0.0 0.0 0.0 10.03503
9.91815 0.0 0.0 0.0 9.91815 0.0 0.0 0.0 9.91815
10.18619 0.0 0.0 0.0 10.18619 0.0 0.0 0.0 10.18619
9.72307 0.0 0.0 0.0 9.72307 0.0 0.0 0.0 9.72307
10.00019 0.0 0.0 0.0 10.00019 0.0 0.0 0.0 10.00019
9.72612 0.0 0.0 0.0 9.72612 0.0 0.0 0.0 9.72612
9.87321 0.0 0.0 0.0 9.87321 0.0 0.0 0.0 9.87321
9.75651 0.0 0.0 0.0 9.75651 0.0 0.0 0.0 9.75651
10.06482 0.0 0.0 0.0 10.06482 0.0 0.0 0.0 10.06482
10.02200 0.0 0.0 0.0 10.02200 0.0 0.0 0.0 10.02200
9.96519 0.0 0.0 0.0 9.96519 0.0 0.0 0.0 9.96519
9.65590 0.0 0.0 0.0 9.65590 0.0 0.0 0.0 9.65590
9.99028 0.0 0.0 0.0 9.99028 0.0 0.0 0.0 9.99028
9.76805 0.0 0.0 0.0 9.76805 0.0 0.0 0.0 9.76805
9.98595 0.0 0.0 0.0 9.98595 0.0 0.0 0.0 9.98595
9.96129 0.0 0.0 0.0 9.96129 0.0 0.0 0.0 9.96129
10.34206 0.0 0.0 0.0 10.34206 0.0 0.0 0.0 10.34206
10.30104 0.0 0.0 0.0 10.30104 0.0 0.0 0.0 10.30104
10.02829 0.0 0.0 0.0 10.02829 0.0 0.0 0.0 10.02829
9.90829 0.0 0.0 0.0 9.90829 0.0 0.0 0.0 9.90829
9.69402 0.0 0.0 0.0 9.69402 0.0 0.0 0.0 9.69402
9.81010 0.0 0.0 0.0 9.81010 0.0 0.0 0.0 9.81010
9.87616 0.0 0.0 0.0 9.87616 0.0 0.0 0.0 9.87616
10.09767 0.0 0.0 0.0 10.09767 0.0 0.0 0.0 10.09767
10.07373 0.0 0.0 0.0 10.07373 0.0 0.0 0.0 10.07373
10.03705 0.0 0.0 0.0 10.03705 0.0 0.0 0.0 10.03705
9.95630 0.0 0.0 0.0 9.95630 0.0 0.0 0.0 9.95630
9.77316 0.0 0.0 0.0 9.77316 0.0 0.0 0.0 9.77316
10.04558 0.0 0.0 0.0 10.04558 0.0 0.0 0.0 10.04558
10.11441 0.0 0.0 0.0 10.11441 0.0 0.0 0.0 10.11441
9.77603 0.0 0.0 0.0 9.77603 0.0 0.0 0.0 9.77603
9.88642 0.0 0.0 0.0 9.88642 0.0 0.0 0.0 9.88642
9.97257 0.0 0.0 0.0 9.97257 0.0 0.0 0.0 9.97257
9.64760 0.0 0.0 0.0 9.64760 0.0 0.0 0.0 9.64760
10.17920 0.0 0.0 0.0 10.17920 0.0 0.0 0.0 10.17920
10.03076 0.0 0.0 0.0 10.03076 0.0 0.0 0.0 10.03076
9.62270 0.0 0.0 0.0 9.62270 0.0 0.0 0.0 9.62270
9.79186 0.0 0.0 0.0 9.79186 0.0 0.0 0.0 9.79186
10.04744 0.0 0.0 0.0 10.04744 0.0 0.0 0.0 10.04744
9.74796 0.0 0.0 0.0 9.74796 0.0 0.0 0.0 9.74796
9.92672 0.0 0.0 0.0 9.92672 0.0 0.0 0.0 9.92672
9.79437 0.0 0.0 0.0 9.79437 0.0 0.0 0.0 9.79437
9.85155 0.0 0.0 0.0 9.85155 0.0 0.0 0.0 9.85155
9.57189 0.0 0.0 0.0 9.57189 0.0 0.0 0.0 9.57189
9.86547 0.0 0.0 0.0 9.86547 0.0 0.0 0.0 9.86547
9.94983 0.0 0.0 0.0 9.94983 0.0 0.0 0.0 9.94983
9.91339 0.0 0.0 0.0 9.91339 0.0 0.0 0.0 9.91339
10.07949 0.0 0.0 0.0 10.07949 0.0 0.0 0.0 10.07949
9.87473 0.0 0.0 0.0 9.87473 0.0 0.0 0.0 9.87473
9.89513 0.0 0.0 0.0 9.89513 0.0 0.0 0.0 9.89513
10.06635 0.0 0.0 0.0 10.06635 0.0 0.0 0.0 10.06635
10.11279 0.0 0.0 0.0 10.11279 0.0 0.0 0.0 10.11279
9.98268 0.0 0.0 0.0 9.98268 0.0 0.0 0.0 9.98268
10.03716 0.0 0.0 0.0 10.03716 0.0 0.0 0.0 10.03716
9.83435 0.0 0.0 0.0 9.83435 0.0 0.0 0.0 9.83435
9.79575 0.0 0.0 0.0 9.79575 0.0 0.0 0.0 9.79575
9.94328 0.0 0.0 0.0 9.94328 0.0 0.0 0.0 9.94328
9.98305 0.0 0.0 0.0 9.98305 0.0 0.0 0.0 9.98305
