9.67446 0 0 0 9.67446 0 0 0 9.67446
10.25055 0 0 0 10.25055 0 0 0 10.25055
10.05970 0 0 0 10.05970 0 0 0 10.05970
10.08227 0 0 0 10.08227 0 0 0 10.08227
10.39741 0 0 0 10.39741 0 0 0 10.39741
9.78248 0 0 0 9.78248 0 0 0 9.78248
9.95375 0 0 0 9.95375 0 0 0 9.95375
9.55605 0 0 0 9.55605 0 0 0 9.55605
9.91303 0 0 0 9.91303 0 0 0 9.91303
9.87809 0 0 0 9.87809 0 0 0 9.87809
9.93999 0 0 0 9.93999 0 0 0 9.93999
10.08837 0 0 0 10.08837 0 0 0 10.08837
9.75124 0 0 0 9.75124 0 0 0 9.75124
9.76134 0 0 0 9.76134 0 0 0 9.76134
10.05615 0 0 0 10.05615 0 0 0 10.05615
9.97320 0 0 0 9.97320 0 0 0 9.97320
9.97129 0 0 0 9.97129 0 0 0 9.97129
10.16939 0 0 0 10.16939 0 0 0 10.16939
9.62523 0 0 0 9.62523 0 0 0 9.62523
10.04115 0 0 0 10.04115 0 0 0 10.04115
10.11203 0 0 0 10.11203 0 0 0 10.11203
9.70520 0 0 0 9.70520 0 0 0 9.70520
10.12144 0 0 0 10.12144 0 0 0 10.12144
9.92803 0 0 0 9.92803 0 0 0 9.92803
9.98637 0 0 0 9.98637 0 0 0 9.98637
9.87269 0 0 0 9.87269 0 0 0 9.87269
10.09277 0 0 0 10.09277 0 0 0 10.09277
10.21643 0 0 0 10.21643 0 0 0 10.21643
9.57902 0 0 0 9.57902 0 0 0 9.57902
9.52691 0 0 0 9.52691 0 0 0 9.52691
9.71192 0 0 0 9.71192 0 0 0 9.71192
10.11927 0 0 0 10.11927 0 0 0 10.11927
9.49964 0 0 0 9.49964 0 0 0 9.49964
9.81408 0 0 0 9.81408 0 0 0 9.81408
10.02139 0 0 0 10.02139 0 0 0 10.02139
10.29621 0 0 0 10.29621 0 0 0 10.29621
9.83349 0 0 0 9.83349 0 0 0 9.83349
10.05419 0 0 0 10.05419 0 0 0 10.05419
9.78638 0 0 0 9.78638 0 0 0 9.78638
10.05613 0 0 0 10.05613 0 0 0 10.05613
9.86999 0 0 0 9.86999 0 0 0 9.86999
9.92998 0 0 0 9.92998 0 0 0 9.92998
9.92380 0 0 0 9.92380 0 0 0 9.92380
10.13963 0 0 0 10.13963 0 0 0 10.13963
9.84878 0 0 0 9.84878 0 0 0 9.84878
9.84636 0 0 0 9.84636 0 0 0 9.84636
9.94177 0 0 0 9.94177 0 0 0 9.94177
10.12394 0 0 0 10.12394 0 0 0 10.12394
9.80392 0 0 0 9.80392 0 0 0 9.80392
9.81389 0 0 0 9.81389 0 0 0 9.81389
9.92308 0 0 0 9.92308 0 0 0 9.92308
10.19941 0 0 0 10.19941 0 0 0 10.19941
9.89015 0 0 0 9.89015 0 0 0 9.89015
10.31821 0 0 0 10.31821 0 0 0 10.31821
9.70564 0 0 0 9.70564 0 0 0 9.70564
9.86450 0 0 0 9.86450 0 0 0 9.86450
9.98139 0 0 0 9.98139 0 0 0 9.98139
10.02465 0 0 0 10.02465 0 0 0 10.02465
9.77006 0 0 0 9.77006 0 0 0 9.77006
9.85294 0 0 0 9.85294 0 0 0 9.85294
9.91204 0 0 0 9.91204 0 0 0 9.91204
9.70137 0 0 0 9.70137 0 0 0 9.70137
9.93565 0 0 0 9.93565 0 0 0 9.93565
9.83477 0 0 0 9.83477 0 0 0 9.83477
9.98997 0 0 0 9.98997 0 0 0 9.98997
9.62388 0 0 0 9.62388 0 0 0 9.62388
9.98550 0 0 0 9.98550 0 0 0 9.98550
9.74284 0 0 0 9.74284 0 0 0 9.74284
9.77558 0 0 0 9.77558 0 0 0 9.77558
9.96106 0 0 0 9.96106 0 0 0 9.96106
10.29633 0 0 0 10.29633 0 0 0 10.29633
9.79250 0 0 0 9.79250 0 0 0 9.79250
10.07305 0 0 0 10.07305 0 0 0 10.07305
10.13029 0 0 0 10.13029 0 0 0 10.13029
9.56361 0 0 0 9.56361 0 0 0 9.56361
10.06413 0 0 0 10.06413 0 0 0 10.06413
9.88753 0 0 0 9.88753 0 0 0 9.88753
9.83847 0 0 0 9.83847 0 0 0 9.83847
9.82536 0 0 0 9.82536 0 0 0 9.82536
9.62870 0 0 0 9.62870 0 0 0 9.62870
9.74612 0 0 0 9.74612 0 0 0 9.74612
9.71556 0 0 0 9.71556 0 0 0 9.71556
9.88411 0 0 0 9.88411 0 0 0 9.88411
10.08858 0 0 0 10.08858 0 0 0 10.08858
9.93382 0 0 0 9.93382 0 0 0 9.93382
9.94601 0 0 0 9.94601 0 0 0 9.94601
10.02847 0 0 0 10.02847 0 0 0 10.02847
9.89610 0 0 0 9.89610 0 0 0 9.89610
10.12170 0 0 0 10.12170 0 0 0 10.12170
9.67048 0 0 0 9.67048 0 0 0 9.67048
10.02423 0 0 0 10.02423 0 0 0 10.02423
10.10373 0 0 0 10.10373 0 0 0 10.10373
9.89115 0 0 0 9.89115 0 0 0 9.89115
9.94111 0 0 0 9.94111 0 0 0 9.94111
9.91838 0 0 0 9.91838 0 0 0 9.91838
9.76940 0 0 0 9.76940 0 0 0 9.76940
10.25958 0 0 0 10.25958 0 0 0 10.25958
9.88749 0 0 0 9.88749 0 0 0 9.88749
9.67398 0 0 0 9.67398 0 0 0 9.67398
9.91346 0 0 0 9.91346 0 0 0 9.91346
10.11688 0 0 0 10.11688 0 0 0 10.11688
10.17726 0 0 0 10.17726 0 0 0 10.17726
9.80162 0 0 0 9.80162 0 0 0 9.80162
9.78876 0 0 0 9.78876 0 0 0 9.78876
9.97992 0 0 0 9.97992 0 0 0 9.97992
10.10712 0 0 0 10.10712 0 0 0 10.10712
9.98208 0 0 0 9.98208 0 0 0 9.98208
10.08581 0 0 0 10.08581 0 0 0 10.08581
10.10590 0 0 0 10.10590 0 0 0 10.10590
9.99344 0 0 0 9.99344 0 0 0 9.99344
9.81976 0 0 0 9.81976 0 0 0 9.81976
10.05149 0 0 0 10.05149 0 0 0 10.05149
9.84726 0 0 0 9.84726 0 0 0 9.84726
10.16902 0 0 0 10.16902 0 0 0 10.16902
9.76267 0 0 0 9.76267 0 0 0 9.76267
9.95592 0 0 0 9.95592 0 0 0 9.95592
9.88514 0 0 0 9.88514 0 0 0 9.88514
10.02182 0 0 0 10.02182 0 0 0 10.02182
10.08643 0 0 0 10.08643 0 0 0 10.08643
10.14207 0 0 0 10.14207 0 0 0 10.14207
10.00146 0 0 0 10.00146 0 0 0 10.00146
9.84945 0 0 0 9.84945 0 0 0 9.84945
9.74746 0 0 0 9.74746 0 0 0 9.74746
10.14495 0 0 0 10.14495 0 0 0 10.14495
10.33538 0 0 0 10.33538 0 0 0 10.33538
9.91758 0 0 0 9.91758 0 0 0 9.91758
9.92468 0 0 0 9.92468 0 0 0 9.92468
9.88769 0 0 0 9.88769 0 0 0 9.88769
10.35020 0 0 0 10.35020 0 0 0 10.35020
10.23876 0 0 0 10.23876 0 0 0 10.23876
10.14296 0 0 0 10.14296 0 0 0 10.14296
9.81519 0 0 0 9.81519 0 0 0 9.81519
9.84538 0 0 0 9.84538 0 0 0 9.84538
10.21133 0 0 0 10.21133 0 0 0 10.21133
10.37383 0 0 0 10.37383 0 0 0 10.37383
9.99191 0 0 0 9.99191 0 0 0 9.99191
9.90055 0 0 0 9.90055 0 0 0 9.90055
9.92192 0 0 0 9.92192 0 0 0 9.92192
9.68770 0 0 0 9.68770 0 0 0 9.68770
9.67454 0 0 0 9.67454 0 0 0 9.67454
9.88661 0 0 0 9.88661 0 0 0 9.88661
9.85320 0 0 0 9.85320 0 0 0 9.85320
9.82073 0 0 0 9.82073 0 0 0 9.82073
10.11069 0 0 0 10.11069 0 0 0 10.11069
9.97880 0 0 0 9.97880 0 0 0 9.97880
9.85085 0 0 0 9.85085 0 0 0 9.85085
9.69384 0 0 0 9.69384 0 0 0 9.69384
9.93713 0 0 0 9.93713 0 0 0 9.93713
9.97013 0 0 0 9.97013 0 0 0 9.97013
9.91576 0 0 0 9.91576 0 0 0 9.91576
9.66792 0 0 0 9.66792 0 0 0 9.66792
9.96363 0 0 0 9.96363 0 0 0 9.96363
9.75665 0 0 0 9.75665 0 0 0 9.75665
9.81208 0 0 0 9.81208 0 0 0 9.81208
9.79495 0 0 0 9.79495 0 0 0 9.79495
10.00544 0 0 0 10.00544 0 0 0 10.00544
10.08245 0 0 0 10.08245 0 0 0 10.08245
9.73997 0 0 0 9.73997 0 0 0 9.73997
10.11502 0 0 0 10.11502 0 0 0 10.11502
10.01463 0 0 0 10.01463 0 0 0 10.01463
9.79896 0 0 0 9.79896 0 0 0 9.79896
10.24051 0 0 0 10.24051 0 0 0 10.24051
9.77604 0 0 0 9.77604 0 0 0 9.77604
10.00830 0 0 0 10.00830 0 0 0 10.00830
9.63835 0 0 0 9.63835 0 0 0 9.63835
9.83597 0 0 0 9.83597 0 0 0 9.83597
10.01582 0 0 0 10.01582 0 0 0 10.01582
9.87029 0 0 0 9.87029 0 0 0 9.87029
10.01687 0 0 0 10.01687 0 0 0 10.01687
9.67755 0 0 0 9.67755 0 0 0 9.67755
9.98875 0 0 0 9.98875 0 0 0 9.98875
10.04728 0 0 0 10.04728 0 0 0 10.04728
9.69121 0 0 0 9.69121 0 0 0 9.69121
9.79226 0 0 0 9.79226 0 0 0 9.79226
10.05092 0 0 0 10.05092 0 0 0 10.05092
9.57966 0 0 0 9.57966 0 0 0 9.57966
10.11878 0 0 0 10.11878 0 0 0 10.11878
9.90131 0 0 0 9.90131 0 0 0 9.90131
10.03316 0 0 0 10.03316 0 0 0 10.03316
9.71932 0 0 0 9.71932 0 0 0 9.71932
9.75870 0 0 0 9.75870 0 0 0 9.75870
9.90803 0 0 0 9.90803 0 0 0 9.90803
9.75855 0 0 0 9.75855 0 0 0 9.75855
10.05379 0 0 0 10.05379 0 0 0 10.05379
10.03265 0 0 0 10.03265 0 0 0 10.03265
10.08837 0 0 0 10.08837 0 0 0 10.08837
9.85641 0 0 0 9.85641 0 0 0 9.85641
9.81643 0 0 0 9.81643 0 0 0 9.81643
9.78237 0 0 0 9.78237 0 0 0 9.78237
9.95075 0 0 0 9.95075 0 0 0 9.95075
9.71997 0 0 0 9.71997 0 0 0 9.71997
10.14130 0 0 0 10.14130 0 0 0 10.14130
10.03065 0 0 0 10.03065 0 0 0 10.03065
9.85833 0 0 0 9.85833 0 0 0 9.85833
9.81924 0 0 0 9.81924 0 0 0 9.81924
9.64540 0 0 0 9.64540 0 0 0 9.64540
10.02017 0 0 0 10.02017 0 0 0 10.02017
9.92908 0 0 0 9.92908 0 0 0 9.92908
10.34849 0 0 0 10.34849 0 0 0 10.34849
10.00663 0 0 0 10.00663 0 0 0 10.00663
9.68326 0 0 0 9.68326 0 0 0 9.68326
9.71749 0 0 0 9.71749 0 0 0 9.71749
9.81727 0 0 0 9.81727 0 0 0 9.81727
10.15704 0 0 0 10.15704 0 0 0 10.15704
9.66717 0 0 0 9.66717 0 0 0 9.66717
9.86654 0 0 0 9.86654 0 0 0 9.86654
9.96519 0 0 0 9.96519 0 0 0 9.96519
9.76209 0 0 0 9.76209 0 0 0 9.76209
9.94021 0 0 0 9.94021 0 0 0 9.94021
10.24545 0 0 0 10.24545 0 0 0 10.24545
9.87466 0 0 0 9.87466 0 0 0 9.87466
9.85188 0 0 0 9.85188 0 0 0 9.85188
9.95163 0 0 0 9.95163 0 0 0 9.95163
9.68878 0 0 0 9.68878 0 0 0 9.68878
9.72387 0 0 0 9.72387 0 0 0 9.72387
9.91953 0 0 0 9.91953 0 0 0 9.91953
9.72345 0 0 0 9.72345 0 0 0 9.72345
9.79509 0 0 0 9.79509 0 0 0 9.79509
9.80408 0 0 0 9.80408 0 0 0 9.80408
10.01169 0 0 0 10.01169 0 0 0 10.01169
10.19469 0 0 0 10.19469 0 0 0 10.19469
9.80453 0 0 0 9.80453 0 0 0 9.80453
9.99861 0 0 0 9.99861 0 0 0 9.99861
9.83459 0 0 0 9.83459 0 0 0 9.83459
9.99947 0 0 0 9.99947 0 0 0 9.99947
9.94622 0 0 0 9.94622 0 0 0 9.94622
9.98088 0 0 0 9.98088 0 0 0 9.98088
9.98701 0 0 0 9.98701 0 0 0 9.98701
9.80628 0 0 0 9.80628 0 0 0 9.80628
9.96795 0 0 0 9.96795 0 0 0 9.96795
9.91125 0 0 0 9.91125 0 0 0 9.91125
9.89313 0 0 0 9.89313 0 0 0 9.89313
9.80575 0 0 0 9.80575 0 0 0 9.80575
10.33177 0 0 0 10.33177 0 0 0 10.33177
10.03341 0 0 0 10.03341 0 0 0 10.03341
10.02187 0 0 0 10.02187 0 0 0 10.02187
9.78984 0 0 0 9.78984 0 0 0 9.78984
9.93275 0 0 0 9.93275 0 0 0 9.93275
10.33509 0 0 0 10.33509 0 0 0 10.33509
9.98258 0 0 0 9.98258 0 0 0 9.98258
9.83622 0 0 0 9.83622 0 0 0 9.83622
10.11111 0 0 0 10.11111 0 0 0 10.11111
9.84894 0 0 0 9.84894 0 0 0 9.84894
9.87489 0 0 0 9.87489 0 0 0 9.87489
9.76621 0 0 0 9.76621 0 0 0 9.76621
9.85208 0 0 0 9.85208 0 0 0 9.85208
9.70214 0 0 0 9.70214 0 0 0 9.70214
10.12551 0 0 0 10.12551 0 0 0 10.12551
9.89386 0 0 0 9.89386 0 0 0 9.89386
9.78687 0 0 0 9.78687 0 0 0 9.78687
10.10558 0 0 0 10.10558 0 0 0 10.10558
9.92947 0 0 0 9.92947 0 0 0 9.92947
9.98751 0 0 0 9.98751 0 0 0 9.98751
9.98066 0 0 0 9.98066 0 0 0 9.98066
10.09909 0 0 0 10.09909 0 0 0 10.09909
9.88950 0 0 0 9.88950 0 0 0 9.88950
10.22910 0 0 0 10.22910 0 0 0 10.22910
9.84060 0 0 0 9.84060 0 0 0 9.84060
10.10821 0 0 0 10.10821 0 0 0 10.10821
9.84697 0 0 0 9.84697 0 0 0 9.84697
9.98523 0 0 0 9.98523 0 0 0 9.98523
10.04334 0 0 0 10.04334 0 0 0 10.04334
10.04315 0 0 0 10.04315 0 0 0 10.04315
10.32814 0 0 0 10.32814 0 0 0 10.32814
9.75012 0 0 0 9.75012 0 0 0 9.75012
9.96956 0 0 0 9.96956 0 0 0 9.96956
9.84217 0 0 0 9.84217 0 0 0 9.84217
9.89799 0 0 0 9.89799 0 0 0 9.89799
9.77900 0 0 0 9.77900 0 0 0 9.77900
10.29036 0 0 0 10.29036 0 0 0 10.29036
9.92287 0 0 0 9.92287 0 0 0 9.92287
9.99443 0 0 0 9.99443 0 0 0 9.99443
9.91522 0 0 0 9.91522 0 0 0 9.91522
9.78666 0 0 0 9.78666 0 0 0 9.78666
10.00834 0 0 0 10.00834 0 0 0 10.00834
10.00665 0 0 0 10.00665 0 0 0 10.00665
9.78492 0 0 0 9.78492 0 0 0 9.78492
9.67462 0 0 0 9.67462 0 0 0 9.67462
9.84941 0 0 0 9.84941 0 0 0 9.84941
9.76837 0 0 0 9.76837 0 0 0 9.76837
10.02315 0 0 0 10.02315 0 0 0 10.02315
10.17704 0 0 0 10.17704 0 0 0 10.17704
9.63822 0 0 0 9.63822 0 0 0 9.63822
9.81483 0 0 0 9.81483 0 0 0 9.81483
9.78717 0 0 0 9.78717 0 0 0 9.78717
9.75507 0 0 0 9.75507 0 0 0 9.75507
10.10432 0 0 0 10.10432 0 0 0 10.10432
9.70890 0 0 0 9.70890 0 0 0 9.70890
9.95905 0 0 0 9.95905 0 0 0 9.95905
9.78198 0 0 0 9.78198 0 0 0 9.78198
9.97974 0 0 0 9.97974 0 0 0 9.97974
9.91149 0 0 0 9.91149 0 0 0 9.91149
9.98563 0 0 0 9.98563 0 0 0 9.98563
9.76860 0 0 0 9.76860 0 0 0 9.76860
9.82300 0 0 0 9.82300 0 0 0 9.82300
9.81968 0 0 0 9.81968 0 0 0 9.81968
10.00641 0 0 0 10.00641 0 0 0 10.00641
10.05741 0 0 0 10.05741 0 0 0 10.05741
9.87431 0 0 0 9.87431 0 0 0 9.87431
9.66762 0 0 0 9.66762 0 0 0 9.66762
9.79256 0 0 0 9.79256 0 0 0 9.79256
9.88188 0 0 0 9.88188 0 0 0 9.88188
9.75041 0 0 0 9.75041 0 0 0 9.75041
9.99227 0 0 0 9.99227 0 0 0 9.99227
9.92500 0 0 0 9.92500 0 0 0 9.92500
10.13341 0 0 0 10.13341 0 0 0 10.13341
9.96024 0 0 0 9.96024 0 0 0 9.96024
10.00612 0 0 0 10.00612 0 0 0 10.00612
10.02225 0 0 0 10.02225 0 0 0 10.02225
9.72183 0 0 0 9.72183 0 0 0 9.72183
9.96426 0 0 0 9.96426 0 0 0 9.96426
10.10924 0 0 0 10.10924 0 0 0 10.10924
9.92552 0 0 0 9.92552 0 0 0 9.92552
9.79116 0 0 0 9.79116 0 0 0 9.79116
10.09314 0 0 0 10.09314 0 0 0 10.09314
9.88375 0 0 0 9.88375 0 0 0 9.88375
10.13301 0 0 0 10.13301 0 0 0 10.13301
9.80859 0 0 0 9.80859 0 0 0 9.80859
10.08696 0 0 0 10.08696 0 0 0 10.08696
10.13398 0 0 0 10.13398 0 0 0 10.13398
9.86628 0 0 0 9.86628 0 0 0 9.86628
9.81308 0 0 0 9.81308 0 0 0 9.81308
10.11921 0 0 0 10.11921 0 0 0 10.11921
10.16637 0 0 0 10.16637 0 0 0 10.16637
9.96583 0 0 0 9.96583 0 0 0 9.96583
9.94632 0 0 0 9.94632 0 0 0 9.94632
10.24334 0 0 0 10.24334 0 0 0 10.24334
10.01728 0 0 0 10.01728 0 0 0 10.01728
10.18695 0 0 0 10.18695 0 0 0 10.18695
9.97629 0 0 0 9.97629 0 0 0 9.97629
9.90301 0 0 0 9.90301 0 0 0 9.90301
9.89249 0 0 0 9.89249 0 0 0 9.89249
9.71296 0 0 0 9.71296 0 0 0 9.71296
9.73624 0 0 0 9.73624 0 0 0 9.73624
9.98072 0 0 0 9.98072 0 0 0 9.98072
10.11679 0 0 0 10.11679 0 0 0 10.11679
9.79512 0 0 0 9.79512 0 0 0 9.79512
10.28018 0 0 0 10.28018 0 0 0 10.28018
9.70891 0 0 0 9.70891 0 0 0 9.70891
9.84963 0 0 0 9.84963 0 0 0 9.84963
9.90370 0 0 0 9.90370 0 0 0 9.90370
10.43659 0 0 0 10.43659 0 0 0 10.43659
10.03503 0 0 0 10.03503 0 0 0 10.03503
9.91815 0 0 0 9.91815 0 0 0 9.91815
10.18619 0 0 0 10.18619 0 0 0 10.18619
9.72307 0 0 0 9.72307 0 0 0 9.72307
10.00019 0 0 0 10.00019 0 0 0 10.00019
9.72612 0 0 0 9.72612 0 0 0 9.72612
9.87321 0 0 0 9.87321 0 0 0 9.87321
9.75651 0 0 0 9.75651 0 0 0 9.75651
10.06482 0 0 0 10.06482 0 0 0 10.06482
10.02200 0 0 0 10.02200 0 0 0 10.02200
9.96519 0 0 0 9.96519 0 0 0 9.96519
9.65590 0 0 0 9.65590 0 0 0 9.65590
9.99028 0 0 0 9.99028 0 0 0 9.99028
9.76805 0 0 0 9.76805 0 0 0 9.76805
9.98595 0 0 0 9.98595 0 0 0 9.98595
9.96129 0 0 0 9.96129 0 0 0 9.96129
10.34206 0 0 0 10.34206 0 0 0 10.34206
10.30104 0 0 0 10.30104 0 0 0 10.30104
10.02829 0 0 0 10.02829 0 0 0 10.02829
9.90829 0 0 0 9.90829 0 0 0 9.90829
9.69402 0 0 0 9.69402 0 0 0 9.69402
9.81010 0 0 0 9.81010 0 0 0 9.81010
9.87616 0 0 0 9.87616 0 0 0 9.87616
10.09767 0 0 0 10.09767 0 0 0 10.09767
10.07373 0 0 0 10.07373 0 0 0 10.07373
10.03705 0 0 0 10.03705 0 0 0 10.03705
9.95630 0 0 0 9.95630 0 0 0 9.95630
9.77316 0 0 0 9.77316 0 0 0 9.77316
10.04558 0 0 0 10.04558 0 0 0 10.04558
10.11441 0 0 0 10.11441 0 0 0 10.11441
9.77603 0 0 0 9.77603 0 0 0 9.77603
9.88642 0 0 0 9.88642 0 0 0 9.88642
9.97257 0 0 0 9.97257 0 0 0 9.97257
9.64760 0 0 0 9.64760 0 0 0 9.64760
10.17920 0 0 0 10.17920 0 0 0 10.17920
10.03076 0 0 0 10.03076 0 0 0 10.03076
9.62270 0 0 0 9.62270 0 0 0 9.62270
9.79186 0 0 0 9.79186 0 0 0 9.79186
10.04744 0 0 0 10.04744 0 0 0 10.04744
9.74796 0 0 0 9.74796 0 0 0 9.74796
9.92672 0 0 0 9.92672 0 0 0 9.92672
9.79437 0 0 0 9.79437 0 0 0 9.79437
9.85155 0 0 0 9.85155 0 0 0 9.85155
9.57189 0 0 0 9.57189 0 0 0 9.57189
9.86547 0 0 0 9.86547 0 0 0 9.86547
9.94983 0 0 0 9.94983 0 0 0 9.94983
9.91339 0 0 0 9.91339 0 0 0 9.91339
10.07949 0 0 0 10.07949 0 0 0 10.07949
9.87473 0 0 0 9.87473 0 0 0 9.87473
9.89513 0 0 0 9.89513 0 0 0 9.89513
10.06635 0 0 0 10.06635 0 0 0 10.06635
10.11279 0 0 0 10.11279 0 0 0 10.11279
9.98268 0 0 0 9.98268 0 0 0 9.98268
10.03716 0 0 0 10.03716 0 0 0 10.03716
9.83435 0 0 0 9.83435 0 0 0 9.83435
9.79575 0 0 0 9.79575 0 0 0 9.79575
9.94328 0 0 0 9.94328 0 0 0 9.94328
9.98305 0 0 0 9.98305 0 0 0 9.98305
9.91973 0 0 0 9.91973 0 0 0 9.91973
10.06192 0 0 0 10.06192 0 0 0 10.06192
9.61478 0 0 0 9.61478 0 0 0 9.61478
9.79101 0 0 0 9.79101 0 0 0 9.79101
10.07425 0 0 0 10.07425 0 0 0 10.07425
9.83823 0 0 0 9.83823 0 0 0 9.83823
10.00228 0 0 0 10.00228 0 0 0 10.00228
9.72381 0 0 0 9.72381 0 0 0 9.72381
10.26026 0 0 0 10.26026 0 0 0 10.26026
10.08084 0 0 0 10.08084 0 0 0 10.08084
9.99384 0 0 0 9.99384 0 0 0 9.99384
10.29264 0 0 0 10.29264 0 0 0 10.29264
10.02196 0 0 0 10.02196 0 0 0 10.02196
9.73129 0 0 0 9.73129 0 0 0 9.73129
9.61737 0 0 0 9.61737 0 0 0 9.61737
10.02387 0 0 0 10.02387 0 0 0 10.02387
9.69316 0 0 0 9.69316 0 0 0 9.69316
10.04950 0 0 0 10.04950 0 0 0 10.04950
9.83140 0 0 0 9.83140 0 0 0 9.83140
10.43991 0 0 0 10.43991 0 0 0 10.43991
9.96955 0 0 0 9.96955 0 0 0 9.96955
10.09718 0 0 0 10.09718 0 0 0 10.09718
9.77427 0 0 0 9.77427 0 0 0 9.77427
9.81699 0 0 0 9.81699 0 0 0 9.81699
10.39963 0 0 0 10.39963 0 0 0 10.39963
9.84025 0 0 0 9.84025 0 0 0 9.84025
9.66640 0 0 0 9.66640 0 0 0 9.66640
9.92015 0 0 0 9.92015 0 0 0 9.92015
9.74245 0 0 0 9.74245 0 0 0 9.74245
10.06631 0 0 0 10.06631 0 0 0 10.06631
10.18659 0 0 0 10.18659 0 0 0 10.18659
9.90354 0 0 0 9.90354 0 0 0 9.90354
9.75850 0 0 0 9.75850 0 0 0 9.75850
9.74416 0 0 0 9.74416 0 0 0 9.74416
10.20147 0 0 0 10.20147 0 0 0 10.20147
9.80016 0 0 0 9.80016 0 0 0 9.80016
9.97338 0 0 0 9.97338 0 0 0 9.97338
9.64160 0 0 0 9.64160 0 0 0 9.64160
9.76132 0 0 0 9.76132 0 0 0 9.76132
9.80992 0 0 0 9.80992 0 0 0 9.80992
9.97430 0 0 0 9.97430 0 0 0 9.97430
10.09571 0 0 0 10.09571 0 0 0 10.09571
9.88557 0 0 0 9.88557 0 0 0 9.88557
9.99315 0 0 0 9.99315 0 0 0 9.99315
9.92645 0 0 0 9.92645 0 0 0 9.92645
10.03238 0 0 0 10.03238 0 0 0 10.03238
10.21381 0 0 0 10.21381 0 0 0 10.21381
9.90982 0 0 0 9.90982 0 0 0 9.90982
9.88025 0 0 0 9.88025 0 0 0 9.88025
9.98093 0 0 0 9.98093 0 0 0 9.98093
9.67557 0 0 0 9.67557 0 0 0 9.67557
9.81646 0 0 0 9.81646 0 0 0 9.81646
10.00165 0 0 0 10.00165 0 0 0 10.00165
9.91956 0 0 0 9.91956 0 0 0 9.91956
9.85085 0 0 0 9.85085 0 0 0 9.85085
10.04306 0 0 0 10.04306 0 0 0 10.04306
9.78616 0 0 0 9.78616 0 0 0 9.78616
9.89668 0 0 0 9.89668 0 0 0 9.89668
10.11845 0 0 0 10.11845 0 0 0 10.11845
10.27380 0 0 0 10.27380 0 0 0 10.27380
9.98980 0 0 0 9.98980 0 0 0 9.98980
10.05272 0 0 0 10.05272 0 0 0 10.05272
9.99264 0 0 0 9.99264 0 0 0 9.99264
9.94563 0 0 0 9.94563 0 0 0 9.94563
9.87611 0 0 0 9.87611 0 0 0 9.87611
10.13006 0 0 0 10.13006 0 0 0 10.13006
9.82555 0 0 0 9.82555 0 0 0 9.82555
10.40327 0 0 0 10.40327 0 0 0 10.40327
10.07836 0 0 0 10.07836 0 0 0 10.07836
10.13483 0 0 0 10.13483 0 0 0 10.13483
9.90758 0 0 0 9.90758 0 0 0 9.90758
10.02846 0 0 0 10.02846 0 0 0 10.02846
10.01170 0 0 0 10.01170 0 0 0 10.01170
10.00643 0 0 0 10.00643 0 0 0 10.00643
10.00272 0 0 0 10.00272 0 0 0 10.00272
10.07213 0 0 0 10.07213 0 0 0 10.07213
9.74400 0 0 0 9.74400 0 0 0 9.74400
9.82984 0 0 0 9.82984 0 0 0 9.82984
10.13021 0 0 0 10.13021 0 0 0 10.13021
9.84411 0 0 0 9.84411 0 0 0 9.84411
10.14208 0 0 0 10.14208 0 0 0 10.14208
9.67325 0 0 0 9.67325 0 0 0 9.67325
10.11600 0 0 0 10.11600 0 0 0 10.11600
9.90435 0 0 0 9.90435 0 0 0 9.90435
10.00080 0 0 0 10.00080 0 0 0 10.00080
10.27557 0 0 0 10.27557 0 0 0 10.27557
9.77862 0 0 0 9.77862 0 0 0 9.77862
9.91728 0 0 0 9.91728 0 0 0 9.91728
9.91973 0 0 0 9.91973 0 0 0 9.91973
9.89776 0 0 0 9.89776 0 0 0 9.89776
9.77027 0 0 0 9.77027 0 0 0 9.77027
9.81816 0 0 0 9.81816 0 0 0 9.81816
10.04986 0 0 0 10.04986 0 0 0 10.04986
9.68108 0 0 0 9.68108 0 0 0 9.68108
9.90449 0 0 0 9.90449 0 0 0 9.90449
10.07799 0 0 0 10.07799 0 0 0 10.07799
9.77445 0 0 0 9.77445 0 0 0 9.77445
9.82823 0 0 0 9.82823 0 0 0 9.82823
9.73480 0 0 0 9.73480 0 0 0 9.73480
9.99315 0 0 0 9.99315 0 0 0 9.99315
9.87183 0 0 0 9.87183 0 0 0 9.87183
9.88619 0 0 0 9.88619 0 0 0 9.88619
9.88895 0 0 0 9.88895 0 0 0 9.88895
9.66474 0 0 0 9.66474 0 0 0 9.66474
9.90561 0 0 0 9.90561 0 0 0 9.90561
10.06622 0 0 0 10.06622 0 0 0 10.06622
9.90483 0 0 0 9.90483 0 0 0 9.90483
9.79695 0 0 0 9.79695 0 0 0 9.79695
10.08664 0 0 0 10.08664 0 0 0 10.08664
9.85933 0 0 0 9.85933 0 0 0 9.85933
9.80688 0 0 0 9.80688 0 0 0 9.80688
10.01390 0 0 0 10.01390 0 0 0 10.01390
10.12797 0 0 0 10.12797 0 0 0 10.12797
10.14748 0 0 0 10.14748 0 0 0 10.14748
10.16528 0 0 0 10.16528 0 0 0 10.16528
9.93204 0 0 0 9.93204 0 0 0 9.93204
9.89842 0 0 0 9.89842 0 0 0 9.89842
10.04590 0 0 0 10.04590 0 0 0 10.04590
9.71384 0 0 0 9.71384 0 0 0 9.71384
9.78875 0 0 0 9.78875 0 0 0 9.78875
9.80417 0 0 0 9.80417 0 0 0 9.80417
10.03795 0 0 0 10.03795 0 0 0 10.03795
9.90662 0 0 0 9.90662 0 0 0 9.90662
9.87129 0 0 0 9.87129 0 0 0 9.87129
9.91086 0 0 0 9.91086 0 0 0 9.91086
9.79392 0 0 0 9.79392 0 0 0 9.79392
9.63652 0 0 0 9.63652 0 0 0 9.63652
9.69038 0 0 0 9.69038 0 0 0 9.69038
9.80595 0 0 0 9.80595 0 0 0 9.80595
9.78898 0 0 0 9.78898 0 0 0 9.78898
9.86436 0 0 0 9.86436 0 0 0 9.86436
9.86838 0 0 0 9.86838 0 0 0 9.86838
9.93373 0 0 0 9.93373 0 0 0 9.93373
9.79824 0 0 0 9.79824 0 0 0 9.79824
10.07671 0 0 0 10.07671 0 0 0 10.07671
9.79355 0 0 0 9.79355 0 0 0 9.79355
9.85075 0 0 0 9.85075 0 0 0 9.85075
9.87591 0 0 0 9.87591 0 0 0 9.87591
9.97382 0 0 0 9.97382 0 0 0 9.97382
9.88596 0 0 0 9.88596 0 0 0 9.88596
9.82585 0 0 0 9.82585 0 0 0 9.82585
10.11932 0 0 0 10.11932 0 0 0 10.11932
9.76465 0 0 0 9.76465 0 0 0 9.76465
9.97490 0 0 0 9.97490 0 0 0 9.97490
9.78671 0 0 0 9.78671 0 0 0 9.78671
9.93518 0 0 0 9.93518 0 0 0 9.93518
9.99189 0 0 0 9.99189 0 0 0 9.99189
9.93843 0 0 0 9.93843 0 0 0 9.93843
10.11096 0 0 0 10.11096 0 0 0 10.11096
9.79799 0 0 0 9.79799 0 0 0 9.79799
9.95307 0 0 0 9.95307 0 0 0 9.95307
10.13502 0 0 0 10.13502 0 0 0 10.13502
9.73015 0 0 0 9.73015 0 0 0 9.73015
9.87898 0 0 0 9.87898 0 0 0 9.87898
10.00327 0 0 0 10.00327 0 0 0 10.00327
10.02663 0 0 0 10.02663 0 0 0 10.02663
10.15676 0 0 0 10.15676 0 0 0 10.15676
10.01926 0 0 0 10.01926 0 0 0 10.01926
9.88618 0 0 0 9.88618 0 0 0 9.88618
10.11241 0 0 0 10.11241 0 0 0 10.11241
10.28009 0 0 0 10.28009 0 0 0 10.28009
10.04003 0 0 0 10.04003 0 0 0 10.04003
9.99804 0 0 0 9.99804 0 0 0 9.99804
10.01898 0 0 0 10.01898 0 0 0 10.01898
9.90440 0 0 0 9.90440 0 0 0 9.90440
10.11707 0 0 0 10.11707 0 0 0 10.11707
9.70209 0 0 0 9.70209 0 0 0 9.70209
10.02444 0 0 0 10.02444 0 0 0 10.02444
9.75140 0 0 0 9.75140 0 0 0 9.75140
10.15673 0 0 0 10.15673 0 0 0 10.15673
10.17454 0 0 0 10.17454 0 0 0 10.17454
9.96579 0 0 0 9.96579 0 0 0 9.96579
9.93487 0 0 0 9.93487 0 0 0 9.93487
9.92800 0 0 0 9.92800 0 0 0 9.92800
10.16917 0 0 0 10.16917 0 0 0 10.16917
9.94718 0 0 0 9.94718 0 0 0 9.94718
9.96356 0 0 0 9.96356 0 0 0 9.96356
9.96532 0 0 0 9.96532 0 0 0 9.96532
9.90603 0 0 0 9.90603 0 0 0 9.90603
9.73834 0 0 0 9.73834 0 0 0 9.73834
9.92563 0 0 0 9.92563 0 0 0 9.92563
10.03727 0 0 0 10.03727 0 0 0 10.03727
10.05898 0 0 0 10.05898 0 0 0 10.05898
10.33432 0 0 0 10.33432 0 0 0 10.33432
10.01541 0 0 0 10.01541 0 0 0 10.01541
9.75054 0 0 0 9.75054 0 0 0 9.75054
9.96280 0 0 0 9.96280 0 0 0 9.96280
9.91925 0 0 0 9.91925 0 0 0 9.91925
9.69755 0 0 0 9.69755 0 0 0 9.69755
9.81440 0 0 0 9.81440 0 0 0 9.81440
10.04198 0 0 0 10.04198 0 0 0 10.04198
9.90914 0 0 0 9.90914 0 0 0 9.90914
9.93622 0 0 0 9.93622 0 0 0 9.93622
10.37272 0 0 0 10.37272 0 0 0 10.37272
10.06351 0 0 0 10.06351 0 0 0 10.06351
9.61322 0 0 0 9.61322 0 0 0 9.61322
10.04564 0 0 0 10.04564 0 0 0 10.04564
9.99176 0 0 0 9.99176 0 0 0 9.99176
9.79551 0 0 0 9.79551 0 0 0 9.79551
10.13789 0 0 0 10.13789 0 0 0 10.13789
9.89838 0 0 0 9.89838 0 0 0 9.89838
9.70457 0 0 0 9.70457 0 0 0 9.70457
9.81098 0 0 0 9.81098 0 0 0 9.81098
10.00548 0 0 0 10.00548 0 0 0 10.00548
10.09164 0 0 0 10.09164 0 0 0 10.09164
9.72511 0 0 0 9.72511 0 0 0 9.72511
9.66378 0 0 0 9.66378 0 0 0 9.66378
10.09471 0 0 0 10.09471 0 0 0 10.09471
10.00448 0 0 0 10.00448 0 0 0 10.00448
9.79692 0 0 0 9.79692 0 0 0 9.79692
10.03838 0 0 0 10.03838 0 0 0 10.03838
9.73420 0 0 0 9.73420 0 0 0 9.73420
9.72784 0 0 0 9.72784 0 0 0 9.72784
9.86344 0 0 0 9.86344 0 0 0 9.86344
9.99114 0 0 0 9.99114 0 0 0 9.99114
9.78878 0 0 0 9.78878 0 0 0 9.78878
9.92707 0 0 0 9.92707 0 0 0 9.92707
10.08263 0 0 0 10.08263 0 0 0 10.08263
10.17154 0 0 0 10.17154 0 0 0 10.17154
9.82052 0 0 0 9.82052 0 0 0 9.82052
9.92226 0 0 0 9.92226 0 0 0 9.92226
10.13774 0 0 0 10.13774 0 0 0 10.13774
9.95345 0 0 0 9.95345 0 0 0 9.95345
9.99823 0 0 0 9.99823 0 0 0 9.99823
9.92175 0 0 0 9.92175 0 0 0 9.92175
9.87803 0 0 0 9.87803 0 0 0 9.87803
10.14407 0 0 0 10.14407 0 0 0 10.14407
9.83480 0 0 0 9.83480 0 0 0 9.83480
10.16174 0 0 0 10.16174 0 0 0 10.16174
9.86307 0 0 0 9.86307 0 0 0 9.86307
9.95171 0 0 0 9.95171 0 0 0 9.95171
10.07249 0 0 0 10.07249 0 0 0 10.07249
9.99562 0 0 0 9.99562 0 0 0 9.99562
9.94305 0 0 0 9.94305 0 0 0 9.94305
10.05442 0 0 0 10.05442 0 0 0 10.05442
9.84753 0 0 0 9.84753 0 0 0 9.84753
9.60829 0 0 0 9.60829 0 0 0 9.60829
9.93177 0 0 0 9.93177 0 0 0 9.93177
9.84392 0 0 0 9.84392 0 0 0 9.84392
9.93208 0 0 0 9.93208 0 0 0 9.93208
10.00400 0 0 0 10.00400 0 0 0 10.00400
9.87287 0 0 0 9.87287 0 0 0 9.87287
9.88045 0 0 0 9.88045 0 0 0 9.88045
9.75334 0 0 0 9.75334 0 0 0 9.75334
10.04468 0 0 0 10.04468 0 0 0 10.04468
9.77594 0 0 0 9.77594 0 0 0 9.77594
9.97026 0 0 0 9.97026 0 0 0 9.97026
9.91240 0 0 0 9.91240 0 0 0 9.91240
10.12914 0 0 0 10.12914 0 0 0 10.12914
9.70666 0 0 0 9.70666 0 0 0 9.70666
9.77789 0 0 0 9.77789 0 0 0 9.77789
10.12012 0 0 0 10.12012 0 0 0 10.12012
9.88959 0 0 0 9.88959 0 0 0 9.88959
10.05802 0 0 0 10.05802 0 0 0 10.05802
9.97750 0 0 0 9.97750 0 0 0 9.97750
9.98579 0 0 0 9.98579 0 0 0 9.98579
9.95432 0 0 0 9.95432 0 0 0 9.95432
10.09741 0 0 0 10.09741 0 0 0 10.09741
10.00445 0 0 0 10.00445 0 0 0 10.00445
9.80182 0 0 0 9.80182 0 0 0 9.80182
9.93944 0 0 0 9.93944 0 0 0 9.93944
9.55040 0 0 0 9.55040 0 0 0 9.55040
9.97242 0 0 0 9.97242 0 0 0 9.97242
10.21693 0 0 0 10.21693 0 0 0 10.21693
10.08652 0 0 0 10.08652 0 0 0 10.08652
10.19314 0 0 0 10.19314 0 0 0 10.19314
10.08818 0 0 0 10.08818 0 0 0 10.08818
9.88014 0 0 0 9.88014 0 0 0 9.88014
9.89447 0 0 0 9.89447 0 0 0 9.89447
9.70823 0 0 0 9.70823 0 0 0 9.70823
9.98878 0 0 0 9.98878 0 0 0 9.98878
9.98667 0 0 0 9.98667 0 0 0 9.98667
9.74716 0 0 0 9.74716 0 0 0 9.74716
9.85940 0 0 0 9.85940 0 0 0 9.85940
9.94208 0 0 0 9.94208 0 0 0 9.94208
9.80150 0 0 0 9.80150 0 0 0 9.80150
10.00086 0 0 0 10.00086 0 0 0 10.00086
9.68859 0 0 0 9.68859 0 0 0 9.68859
10.12669 0 0 0 10.12669 0 0 0 10.12669
10.07221 0 0 0 10.07221 0 0 0 10.07221
10.10931 0 0 0 10.10931 0 0 0 10.10931
9.81532 0 0 0 9.81532 0 0 0 9.81532
9.73563 0 0 0 9.73563 0 0 0 9.73563
9.95964 0 0 0 9.95964 0 0 0 9.95964
9.76843 0 0 0 9.76843 0 0 0 9.76843
9.90769 0 0 0 9.90769 0 0 0 9.90769
9.98157 0 0 0 9.98157 0 0 0 9.98157
10.11662 0 0 0 10.11662 0 0 0 10.11662
9.65514 0 0 0 9.65514 0 0 0 9.65514
10.27984 0 0 0 10.27984 0 0 0 10.27984
9.98740 0 0 0 9.98740 0 0 0 9.98740
9.92206 0 0 0 9.92206 0 0 0 9.92206
9.90704 0 0 0 9.90704 0 0 0 9.90704
9.80764 0 0 0 9.80764 0 0 0 9.80764
9.92889 0 0 0 9.92889 0 0 0 9.92889
10.15779 0 0 0 10.15779 0 0 0 10.15779
9.85098 0 0 0 9.85098 0 0 0 9.85098
9.70139 0 0 0 9.70139 0 0 0 9.70139
9.96932 0 0 0 9.96932 0 0 0 9.96932
9.73903 0 0 0 9.73903 0 0 0 9.73903
10.03541 0 0 0 10.03541 0 0 0 10.03541
9.74691 0 0 0 9.74691 0 0 0 9.74691
9.74264 0 0 0 9.74264 0 0 0 9.74264
9.73228 0 0 0 9.73228 0 0 0 9.73228
10.11686 0 0 0 10.11686 0 0 0 10.11686
10.05955 0 0 0 10.05955 0 0 0 10.05955
9.88776 0 0 0 9.88776 0 0 0 9.88776
10.27006 0 0 0 10.27006 0 0 0 10.27006
9.83976 0 0 0 9.83976 0 0 0 9.83976
9.79380 0 0 0 9.79380 0 0 0 9.79380
9.95508 0 0 0 9.95508 0 0 0 9.95508
9.84871 0 0 0 9.84871 0 0 0 9.84871
9.88771 0 0 0 9.88771 0 0 0 9.88771
10.04367 0 0 0 10.04367 0 0 0 10.04367
9.91484 0 0 0 9.91484 0 0 0 9.91484
9.82642 0 0 0 9.82642 0 0 0 9.82642
9.92002 0 0 0 9.92002 0 0 0 9.92002
9.96451 0 0 0 9.96451 0 0 0 9.96451
9.87524 0 0 0 9.87524 0 0 0 9.87524
9.95395 0 0 0 9.95395 0 0 0 9.95395
9.96375 0 0 0 9.96375 0 0 0 9.96375
9.84672 0 0 0 9.84672 0 0 0 9.84672
9.70827 0 0 0 9.70827 0 0 0 9.70827
9.75843 0 0 0 9.75843 0 0 0 9.75843
9.95800 0 0 0 9.95800 0 0 0 9.95800
9.90956 0 0 0 9.90956 0 0 0 9.90956
9.91009 0 0 0 9.91009 0 0 0 9.91009
10.04033 0 0 0 10.04033 0 0 0 10.04033
9.98202 0 0 0 9.98202 0 0 0 9.98202
10.01926 0 0 0 10.01926 0 0 0 10.01926
9.94360 0 0 0 9.94360 0 0 0 9.94360
9.92905 0 0 0 9.92905 0 0 0 9.92905
9.80577 0 0 0 9.80577 0 0 0 9.80577
9.92539 0 0 0 9.92539 0 0 0 9.92539
9.85039 0 0 0 9.85039 0 0 0 9.85039
9.97099 0 0 0 9.97099 0 0 0 9.97099
9.97571 0 0 0 9.97571 0 0 0 9.97571
9.82662 0 0 0 9.82662 0 0 0 9.82662
9.94315 0 0 0 9.94315 0 0 0 9.94315
10.00140 0 0 0 10.00140 0 0 0 10.00140
9.80195 0 0 0 9.80195 0 0 0 9.80195
9.73828 0 0 0 9.73828 0 0 0 9.73828
9.92950 0 0 0 9.92950 0 0 0 9.92950
9.79219 0 0 0 9.79219 0 0 0 9.79219
9.81459 0 0 0 9.81459 0 0 0 9.81459
10.03668 0 0 0 10.03668 0 0 0 10.03668
9.83294 0 0 0 9.83294 0 0 0 9.83294
10.11023 0 0 0 10.11023 0 0 0 10.11023
9.92978 0 0 0 9.92978 0 0 0 9.92978
9.77338 0 0 0 9.77338 0 0 0 9.77338
9.90626 0 0 0 9.90626 0 0 0 9.90626
9.80936 0 0 0 9.80936 0 0 0 9.80936
9.85279 0 0 0 9.85279 0 0 0 9.85279
9.91651 0 0 0 9.91651 0 0 0 9.91651
9.82355 0 0 0 9.82355 0 0 0 9.82355
9.85447 0 0 0 9.85447 0 0 0 9.85447
9.77541 0 0 0 9.77541 0 0 0 9.77541
9.92715 0 0 0 9.92715 0 0 0 9.92715
9.94826 0 0 0 9.94826 0 0 0 9.94826
10.01022 0 0 0 10.01022 0 0 0 10.01022
9.98750 0 0 0 9.98750 0 0 0 9.98750
9.86170 0 0 0 9.86170 0 0 0 9.86170
9.68433 0 0 0 9.68433 0 0 0 9.68433
9.95250 0 0 0 9.95250 0 0 0 9.95250
9.68730 0 0 0 9.68730 0 0 0 9.68730
10.02038 0 0 0 10.02038 0 0 0 10.02038
9.99947 0 0 0 9.99947 0 0 0 9.99947
9.54881 0 0 0 9.54881 0 0 0 9.54881
9.69158 0 0 0 9.69158 0 0 0 9.69158
9.83844 0 0 0 9.83844 0 0 0 9.83844
9.88474 0 0 0 9.88474 0 0 0 9.88474
10.04913 0 0 0 10.04913 0 0 0 10.04913
9.88487 0 0 0 9.88487 0 0 0 9.88487
10.02049 0 0 0 10.02049 0 0 0 10.02049
9.99376 0 0 0 9.99376 0 0 0 9.99376
9.70734 0 0 0 9.70734 0 0 0 9.70734
9.79429 0 0 0 9.79429 0 0 0 9.79429
9.89340 0 0 0 9.89340 0 0 0 9.89340
9.91963 0 0 0 9.91963 0 0 0 9.91963
9.75935 0 0 0 9.75935 0 0 0 9.75935
10.09572 0 0 0 10.09572 0 0 0 10.09572
9.48310 0 0 0 9.48310 0 0 0 9.48310
9.85242 0 0 0 9.85242 0 0 0 9.85242
9.76942 0 0 0 9.76942 0 0 0 9.76942
9.80074 0 0 0 9.80074 0 0 0 9.80074
10.01541 0 0 0 10.01541 0 0 0 10.01541
9.80293 0 0 0 9.80293 0 0 0 9.80293
9.69125 0 0 0 9.69125 0 0 0 9.69125
9.80984 0 0 0 9.80984 0 0 0 9.80984
9.85842 0 0 0 9.85842 0 0 0 9.85842
9.72523 0 0 0 9.72523 0 0 0 9.72523
9.91094 0 0 0 9.91094 0 0 0 9.91094
10.02265 0 0 0 10.02265 0 0 0 10.02265
9.81050 0 0 0 9.81050 0 0 0 9.81050
9.97227 0 0 0 9.97227 0 0 0 9.97227
10.11775 0 0 0 10.11775 0 0 0 10.11775
9.81424 0 0 0 9.81424 0 0 0 9.81424
9.98222 0 0 0 9.98222 0 0 0 9.98222
9.97694 0 0 0 9.97694 0 0 0 9.97694
9.82468 0 0 0 9.82468 0 0 0 9.82468
10.05633 0 0 0 10.05633 0 0 0 10.05633
9.98619 0 0 0 9.98619 0 0 0 9.98619
10.02125 0 0 0 10.02125 0 0 0 10.02125
9.66308 0 0 0 9.66308 0 0 0 9.66308
9.91373 0 0 0 9.91373 0 0 0 9.91373
10.03521 0 0 0 10.03521 0 0 0 10.03521
9.96471 0 0 0 9.96471 0 0 0 9.96471
9.98070 0 0 0 9.98070 0 0 0 9.98070
9.83900 0 0 0 9.83900 0 0 0 9.83900
9.85617 0 0 0 9.85617 0 0 0 9.85617
9.81628 0 0 0 9.81628 0 0 0 9.81628
9.92138 0 0 0 9.92138 0 0 0 9.92138
10.01717 0 0 0 10.01717 0 0 0 10.01717
10.03814 0 0 0 10.03814 0 0 0 10.03814
9.86913 0 0 0 9.86913 0 0 0 9.86913
9.86692 0 0 0 9.86692 0 0 0 9.86692
9.86972 0 0 0 9.86972 0 0 0 9.86972
9.83011 0 0 0 9.83011 0 0 0 9.83011
10.22555 0 0 0 10.22555 0 0 0 10.22555
9.77413 0 0 0 9.77413 0 0 0 9.77413
10.05957 0 0 0 10.05957 0 0 0 10.05957
10.05830 0 0 0 10.05830 0 0 0 10.05830
10.20003 0 0 0 10.20003 0 0 0 10.20003
9.90911 0 0 0 9.90911 0 0 0 9.90911
10.06850 0 0 0 10.06850 0 0 0 10.06850
10.07146 0 0 0 10.07146 0 0 0 10.07146
9.91180 0 0 0 9.91180 0 0 0 9.91180
9.75136 0 0 0 9.75136 0 0 0 9.75136
9.86588 0 0 0 9.86588 0 0 0 9.86588
9.95642 0 0 0 9.95642 0 0 0 9.95642
9.75920 0 0 0 9.75920 0 0 0 9.75920
10.11774 0 0 0 10.11774 0 0 0 10.11774
10.05587 0 0 0 10.05587 0 0 0 10.05587
9.75745 0 0 0 9.75745 0 0 0 9.75745
9.62350 0 0 0 9.62350 0 0 0 9.62350
9.80147 0 0 0 9.80147 0 0 0 9.80147
10.08746 0 0 0 10.08746 0 0 0 10.08746
9.98950 0 0 0 9.98950 0 0 0 9.98950
9.79485 0 0 0 9.79485 0 0 0 9.79485
10.06561 0 0 0 10.06561 0 0 0 10.06561
9.71760 0 0 0 9.71760 0 0 0 9.71760
9.71973 0 0 0 9.71973 0 0 0 9.71973
10.04300 0 0 0 10.04300 0 0 0 10.04300
9.61266 0 0 0 9.61266 0 0 0 9.61266
9.93854 0 0 0 9.93854 0 0 0 9.93854
9.94128 0 0 0 9.94128 0 0 0 9.94128
9.69021 0 0 0 9.69021 0 0 0 9.69021
9.92861 0 0 0 9.92861 0 0 0 9.92861
10.03239 0 0 0 10.03239 0 0 0 10.03239
9.95621 0 0 0 9.95621 0 0 0 9.95621
10.08942 0 0 0 10.08942 0 0 0 10.08942
9.76751 0 0 0 9.76751 0 0 0 9.76751
9.71709 0 0 0 9.71709 0 0 0 9.71709
10.03042 0 0 0 10.03042 0 0 0 10.03042
9.84454 0 0 0 9.84454 0 0 0 9.84454
9.75651 0 0 0 9.75651 0 0 0 9.75651
10.15998 0 0 0 10.15998 0 0 0 10.15998
10.22661 0 0 0 10.22661 0 0 0 10.22661
9.86240 0 0 0 9.86240 0 0 0 9.86240
9.91078 0 0 0 9.91078 0 0 0 9.91078
10.15735 0 0 0 10.15735 0 0 0 10.15735
9.76298 0 0 0 9.76298 0 0 0 9.76298
10.04675 0 0 0 10.04675 0 0 0 10.04675
10.05483 0 0 0 10.05483 0 0 0 10.05483
9.90323 0 0 0 9.90323 0 0 0 9.90323
10.12656 0 0 0 10.12656 0 0 0 10.12656
9.99466 0 0 0 9.99466 0 0 0 9.99466
9.81397 0 0 0 9.81397 0 0 0 9.81397
10.20529 0 0 0 10.20529 0 0 0 10.20529
9.95193 0 0 0 9.95193 0 0 0 9.95193
10.12872 0 0 0 10.12872 0 0 0 10.12872
9.66832 0 0 0 9.66832 0 0 0 9.66832
9.69608 0 0 0 9.69608 0 0 0 9.69608
9.99475 0 0 0 9.99475 0 0 0 9.99475
10.08158 0 0 0 10.08158 0 0 0 10.08158
9.99649 0 0 0 9.99649 0 0 0 9.99649
9.96926 0 0 0 9.96926 0 0 0 9.96926
10.05167 0 0 0 10.05167 0 0 0 10.05167
9.85653 0 0 0 9.85653 0 0 0 9.85653
10.20087 0 0 0 10.20087 0 0 0 10.20087
9.99900 0 0 0 9.99900 0 0 0 9.99900
10.11974 0 0 0 10.11974 0 0 0 10.11974
9.78634 0 0 0 9.78634 0 0 0 9.78634
9.67457 0 0 0 9.67457 0 0 0 9.67457
10.12926 0 0 0 10.12926 0 0 0 10.12926
9.96765 0 0 0 9.96765 0 0 0 9.96765
10.16948 0 0 0 10.16948 0 0 0 10.16948
9.89426 0 0 0 9.89426 0 0 0 9.89426
9.81247 0 0 0 9.81247 0 0 0 9.81247
10.34822 0 0 0 10.34822 0 0 0 10.34822
9.86218 0 0 0 9.86218 0 0 0 9.86218
10.29976 0 0 0 10.29976 0 0 0 10.29976
9.77913 0 0 0 9.77913 0 0 0 9.77913
9.91946 0 0 0 9.91946 0 0 0 9.91946
9.92950 0 0 0 9.92950 0 0 0 9.92950
10.28026 0 0 0 10.28026 0 0 0 10.28026
9.98913 0 0 0 9.98913 0 0 0 9.98913
9.97325 0 0 0 9.97325 0 0 0 9.97325
9.76934 0 0 0 9.76934 0 0 0 9.76934
9.86513 0 0 0 9.86513 0 0 0 9.86513
10.06428 0 0 0 10.06428 0 0 0 10.06428
9.67157 0 0 0 9.67157 0 0 0 9.67157
9.77769 0 0 0 9.77769 0 0 0 9.77769
9.94921 0 0 0 9.94921 0 0 0 9.94921
9.81626 0 0 0 9.81626 0 0 0 9.81626
10.10710 0 0 0 10.10710 0 0 0 10.10710
9.81891 0 0 0 9.81891 0 0 0 9.81891
10.14569 0 0 0 10.14569 0 0 0 10.14569
9.71621 0 0 0 9.71621 0 0 0 9.71621
10.00801 0 0 0 10.00801 0 0 0 10.00801
9.94202 0 0 0 9.94202 0 0 0 9.94202
10.10178 0 0 0 10.10178 0 0 0 10.10178
10.01149 0 0 0 10.01149 0 0 0 10.01149
9.93755 0 0 0 9.93755 0 0 0 9.93755
10.12975 0 0 0 10.12975 0 0 0 10.12975
10.03307 0 0 0 10.03307 0 0 0 10.03307
9.93212 0 0 0 9.93212 0 0 0 9.93212
10.07828 0 0 0 10.07828 0 0 0 10.07828
9.86775 0 0 0 9.86775 0 0 0 9.86775
9.66909 0 0 0 9.66909 0 0 0 9.66909
9.99417 0 0 0 9.99417 0 0 0 9.99417
10.02831 0 0 0 10.02831 0 0 0 10.02831
9.88435 0 0 0 9.88435 0 0 0 9.88435
10.09363 0 0 0 10.09363 0 0 0 10.09363
9.72483 0 0 0 9.72483 0 0 0 9.72483
9.89042 0 0 0 9.89042 0 0 0 9.89042
9.76470 0 0 0 9.76470 0 0 0 9.76470
10.11765 0 0 0 10.11765 0 0 0 10.11765
9.78554 0 0 0 9.78554 0 0 0 9.78554
10.10291 0 0 0 10.10291 0 0 0 10.10291
9.72026 0 0 0 9.72026 0 0 0 9.72026
9.89197 0 0 0 9.89197 0 0 0 9.89197
9.89621 0 0 0 9.89621 0 0 0 9.89621
10.06275 0 0 0 10.06275 0 0 0 10.06275
9.99832 0 0 0 9.99832 0 0 0 9.99832
10.03220 0 0 0 10.03220 0 0 0 10.03220
10.12696 0 0 0 10.12696 0 0 0 10.12696
10.06017 0 0 0 10.06017 0 0 0 10.06017
9.52757 0 0 0 9.52757 0 0 0 9.52757
9.92996 0 0 0 9.92996 0 0 0 9.92996
10.27175 0 0 0 10.27175 0 0 0 10.27175
9.72562 0 0 0 9.72562 0 0 0 9.72562
9.81015 0 0 0 9.81015 0 0 0 9.81015
9.96614 0 0 0 9.96614 0 0 0 9.96614
9.98143 0 0 0 9.98143 0 0 0 9.98143
9.87289 0 0 0 9.87289 0 0 0 9.87289
10.00289 0 0 0 10.00289 0 0 0 10.00289
10.05067 0 0 0 10.05067 0 0 0 10.05067
9.68654 0 0 0 9.68654 0 0 0 9.68654
9.94609 0 0 0 9.94609 0 0 0 9.94609
9.91700 0 0 0 9.91700 0 0 0 9.91700
10.10753 0 0 0 10.10753 0 0 0 10.10753
9.82506 0 0 0 9.82506 0 0 0 9.82506
10.19688 0 0 0 10.19688 0 0 0 10.19688
9.86033 0 0 0 9.86033 0 0 0 9.86033
9.80682 0 0 0 9.80682 0 0 0 9.80682
9.92072 0 0 0 9.92072 0 0 0 9.92072
9.88824 0 0 0 9.88824 0 0 0 9.88824
10.10112 0 0 0 10.10112 0 0 0 10.10112
10.04220 0 0 0 10.04220 0 0 0 10.04220
9.98181 0 0 0 9.98181 0 0 0 9.98181
9.68542 0 0 0 9.68542 0 0 0 9.68542
9.87336 0 0 0 9.87336 0 0 0 9.87336
9.80861 0 0 0 9.80861 0 0 0 9.80861
9.90199 0 0 0 9.90199 0 0 0 9.90199
10.02325 0 0 0 10.02325 0 0 0 10.02325
9.82117 0 0 0 9.82117 0 0 0 9.82117
10.07081 0 0 0 10.07081 0 0 0 10.07081
9.59924 0 0 0 9.59924 0 0 0 9.59924
9.84361 0 0 0 9.84361 0 0 0 9.84361
9.53448 0 0 0 9.53448 0 0 0 9.53448
10.08151 0 0 0 10.08151 0 0 0 10.08151
10.12347 0 0 0 10.12347 0 0 0 10.12347
9.79643 0 0 0 9.79643 0 0 0 9.79643
9.76529 0 0 0 9.76529 0 0 0 9.76529
9.94973 0 0 0 9.94973 0 0 0 9.94973
10.14091 0 0 0 10.14091 0 0 0 10.14091
10.21837 0 0 0 10.21837 0 0 0 10.21837
9.64531 0 0 0 9.64531 0 0 0 9.64531
9.92482 0 0 0 9.92482 0 0 0 9.92482
10.06698 0 0 0 10.06698 0 0 0 10.06698
9.69318 0 0 0 9.69318 0 0 0 9.69318
9.79937 0 0 0 9.79937 0 0 0 9.79937
9.96563 0 0 0 9.96563 0 0 0 9.96563
10.12535 0 0 0 10.12535 0 0 0 10.12535
10.19758 0 0 0 10.19758 0 0 0 10.19758
9.87506 0 0 0 9.87506 0 0 0 9.87506
9.89647 0 0 0 9.89647 0 0 0 9.89647
9.71012 0 0 0 9.71012 0 0 0 9.71012
10.10622 0 0 0 10.10622 0 0 0 10.10622
9.99447 0 0 0 9.99447 0 0 0 9.99447
9.76835 0 0 0 9.76835 0 0 0 9.76835
10.12099 0 0 0 10.12099 0 0 0 10.12099
9.85806 0 0 0 9.85806 0 0 0 9.85806
9.86513 0 0 0 9.86513 0 0 0 9.86513
10.03929 0 0 0 10.03929 0 0 0 10.03929
9.68678 0 0 0 9.68678 0 0 0 9.68678
9.97802 0 0 0 9.97802 0 0 0 9.97802
9.76885 0 0 0 9.76885 0 0 0 9.76885
9.86648 0 0 0 9.86648 0 0 0 9.86648
