44.6509465746 43.7664334491
44.701673875 44.8259364815
44.4264766727 44.8507748546
44.3455650613 44.6722655435
43.2481181525 43.4691551215
43.1752130234 43.6130909676
44.5693414591 44.9941948115
43.8426683856 43.6115225395
43.9485911142 44.2963628838
43.937487882 44.0133694517
44.7527730136 44.7249885225
44.1732099814 44.3638708862
44.0682364818 44.5030386398
43.0012639926 43.9998298566
43.4353410722 44.5593248396
44.2773997593 42.8106287472
42.6337202764 42.5683267959
44.0635051633 43.8585314018
44.7676670965 44.638325193
43.9484625089 44.4523643585
45.0220688755 44.5342951297
44.2159923787 43.4704792056
44.2650659978 44.1185231571
45.1731714325 44.8473748639
44.3569771234 43.8467432818
45.3008025278 45.4680845255
44.2217321653 44.0301780774
45.0440251233 43.516015376
44.808472219 44.9454867624
46.2932840145 46.1099868045
43.5896581739 43.3410199185
43.3978165931 44.3684834073
44.6784167504 44.3422904209
43.204874085 43.8636147991
44.0088567471 45.0671003632
43.9205366972 43.7573061564
43.8787549653 44.4369465783
45.0154092415 44.2962973787
44.2807379612 44.8035313213
43.151083848 43.9092420114
45.1448920508 44.8345331001
44.5302639204 44.9770950885
45.3285034712 44.4542382306
42.9607357985 43.0474496244
44.6127808618 44.0938714125
44.6799961409 43.9469693833
43.4094847962 45.3228135841
46.1503469052 45.796327665
44.2301138734 44.2315629808
44.1102198542 43.2320731841
44.7621045245 45.0136383562
45.0943259792 44.7692953487
44.6448295431 44.4497361264
44.470538658 45.1165470808
45.1508191686 44.2120715771
45.6992836802 44.6879013149
42.7063847257 43.86676561
44.9891648706 44.8453492443
44.320284596 43.3216759449
43.3446580279 44.2856248772
44.1423218605 44.5545138433
43.5982472339 44.1815836345
45.7618034874 44.100420024
43.9669075837 45.0427795234
44.0992091357 43.7929399161
43.7634889147 44.3181995117
44.6205848057 45.0079600705
43.2648869343 43.3745743371
45.2141886719 45.7572956066
44.0591584283 44.7431107419
43.8690275219 43.5473036335
46.2124566051 45.5423232243
43.1695699454 43.2990935443
43.4841904435 43.8047766807
45.2660147432 45.1781423863
43.6025466402 42.7914431507
44.3406730396 45.0542512334
46.4262822941 44.7027747201
45.4615634162 44.8580154339
44.8080506367 43.7845288991
42.7856001355 43.482525448
43.279170946 43.380906235
44.3362371583 43.6049380402
43.3014911541 43.4426333724
44.4712117657 45.016311352
45.5105152564 44.9134253067
45.6818083858 43.6943214315
45.6159552272 44.002008863
42.436143967 42.4952969349
43.891655396 44.9047794817
45.5246614522 44.9080451105
44.3189623804 44.7607698857
45.4471016796 44.865524787
44.7195953014 44.4646587047
42.2828089035 43.5473337437
44.3269740825 44.6790542094
43.9176679792 44.0036268686
44.7008374074 44.9655642644
44.5673348678 44.0540016388
45.5199166971 44.8824654142
43.1061637064 43.2634461878
42.7878373492 43.9906626232
44.4916562594 45.8490905274
44.8377378295 45.1886195759
44.5645114833 43.441888474
44.306144225 44.6328742986
45.6360881849 45.3417986797
44.8571942617 44.853538788
44.4206969039 43.8056014272
43.9449276548 44.1263942554
43.5877905782 43.9095754918
45.4118915958 44.2775238801
44.8317618619 45.8094251515
43.1480408564 44.3288722817
43.4934459055 44.2319099158
45.2526771806 44.5629456093
43.8214172064 44.4995483134
42.997763374 43.5274557947
46.0040535186 44.9437817719
44.8444445919 44.7595930468
43.7708706754 44.1480238676
45.2811050982 44.4672299517
45.063187805 44.6783484206
44.1896106545 43.6388112289
45.881519248 44.7116489701
44.3482012819 44.0845371668
45.254805796 44.2910582531
46.4817750346 46.1294869115
44.6214050835 44.9229632183
43.5179019513 43.6176256873
45.7062687447 45.8600295869
45.0040921304 44.5662570075
45.3353655255 44.7322241518
44.1934127731 43.793054672
44.0298825417 44.9858746127
43.9437386469 44.3201795934
43.6375484591 43.8602091271
44.1782430507 44.2855631895
45.2086336794 44.8656536771
45.8580238683 44.8560486981
44.339282663 44.5526903818
46.0455537187 45.4762193665
43.008580828 43.399755387
45.8959962576 45.2982344801
44.78754602 44.0258026119
43.9922361333 44.9180397381
44.1171071482 43.5560201414
45.1492004415 44.4571206258
44.6326629034 44.3262517576
44.5614793045 44.4960004849
44.3997099195 45.2541555741
43.9027859 44.6585370631
45.2478903883 44.3747080816
44.5713627311 44.6636455501
43.3528374287 43.9319416738
45.9558394382 45.3552683834
42.2484510349 43.5183832692
45.8841657089 45.2994228108
44.153975928 44.0914289644
44.8441202436 45.2966335112
42.0146545146 42.6430918934
45.0912405706 45.3075204136
43.4865108016 44.6000991317
44.5783961054 43.9656677846
46.1055620057 46.0725456907
44.4951500865 44.9121759374
44.0502864022 44.5554552936
44.4855460172 45.2832160186
44.7734496633 44.3009036452
44.6139829041 44.4421965397
45.4475848771 45.2009741246
44.7417731635 45.3108109913
44.8951269893 44.7109762917
44.1947358456 42.8776393548
44.4849259062 44.815483284
44.2613907903 44.6288051964
44.612460482 44.8643972994
44.3082054881 44.4736367896
44.3113037402 43.7212375368
43.0695458441 43.7472211161
45.6134155995 45.5683968804
44.524656572 44.8574127714
45.0059834322 45.2844582159
44.2679400174 45.0039238505
45.2767401203 44.6132808478
43.8909251093 44.6004524328
43.0165510696 43.047936265
43.7512940704 44.2762613421
44.3360129028 44.0938129005
45.2921731212 45.4971298871
43.0637905063 43.9270079193
43.6368531176 43.2387787678
43.714332825 42.8531411804
43.5853639938 43.8251282619
43.8983597512 44.6933045194
44.7733421667 44.6137464316
45.3920983514 44.6913147752
44.6864592854 44.5758714281
44.9988030184 44.5946563032
45.6079564587 44.9297801177
