  5.6932847e+00    8.6583020e+00    9.0954025e+00 
  1.7800526e+00   -3.1494844e+00   -1.3258657e+00 
 -2.4016674e+00    4.2323394e+00    4.4849570e+00 
 -3.5445832e+00    6.4594513e+00    2.9104047e+00 
 -1.1961926e+00    1.1879855e+00    7.2334618e+00 
 -9.3092347e+00   -7.1178367e+00    1.3574341e+00 
  1.0360697e+01    3.4670277e-01    2.2776583e+00 
  5.6274206e-03   -1.0906628e+01   -8.9245018e-02 
  4.3314198e+00   -7.3064807e+00   -7.7822686e+00 
 -2.4977334e+00   -5.8219982e-01   -3.6627399e-01 
 -3.2487751e+00   -6.6587725e+00   -7.1559362e+00 
  4.6622980e+00    4.3347780e+00    8.9662294e+00 
  8.1012542e+00   -5.2339383e+00   -4.9966057e-01 
 -1.0164425e+00    7.1588795e+00   -5.3103678e-02 
  9.3841139e+00    3.1351967e+00    1.2103006e+01 
 -7.9699783e+00    5.7843881e+00    5.0971575e+00 
 -2.6718143e+00    8.3231352e+00    6.9872261e+00 
 -3.3209311e+00   -9.0995014e+00   -6.0381603e+00 
 -2.2894812e+00    1.0438100e+01   -1.3936215e+00 
  6.6211122e-01    1.6772453e+00    3.7178717e+00 
  9.3621620e+00   -5.8555998e+00   -4.9557651e+00 
  3.2497089e+00    3.9163770e+00    8.3821469e+00 
 -9.3449286e+00   -1.0553520e+01    3.1788867e+00 
 -3.9676210e+00   -3.5933598e+00    4.5915174e-01 
 -3.6448996e+00    4.4121632e+00   -5.7254156e+00 
 -6.5049043e-01    4.3233863e+00    2.5888173e+00 
 -4.8553939e+00   -2.0621615e+00    2.5877246e-01 
  6.4574210e+00   -1.3300040e+01   -6.8115596e+00 
 -1.7087218e-01   -3.4399899e+00    7.5444377e-01 
 -5.4036093e+00   -1.7383802e+00    6.3150795e+00 
 -6.6996393e+00    8.5825032e-01    8.1002693e-01 
  7.7901514e+00   -1.0700167e+01   -6.1669421e+00 
  5.9789165e-01   -4.9304062e+00   -8.0025344e+00 
  1.2767742e+00   -1.2188147e+00   -5.4889661e+00 
 -6.9791335e+00    7.2113008e+00   -4.3696755e+00 
  1.7089347e+00    4.3040711e+00    9.6999506e+00 
  1.2833609e+01   -5.4882115e+00   -1.1478096e+01 
 -4.9616438e+00    5.4833485e+00    7.3451503e+00 
  7.5522743e+00    1.3714027e+00   -3.7577238e+00 
  7.8534679e+00   -3.5393923e+00   -2.9224804e+00 
 -8.1646921e+00    2.4971112e+00   -5.0731892e-01 
 -2.7706067e+00    5.4822059e+00    9.6816468e-01 
  6.0388685e+00   -4.4331770e+00    3.2451632e+00 
  7.4140750e-03   -2.7345634e+00    4.6914933e+00 
  6.1236523e+00    3.9066942e+00   -9.5356229e+00 
 -4.8225948e+00    4.0133230e+00    1.4541722e+00 
  7.6939828e-01   -2.7916393e+00   -4.3539089e+00 
  4.5543282e+00    3.8336320e-01   -7.2219046e-01 
 -1.3054263e+01    1.1712502e+01    1.1886588e+01 
 -6.1800005e+00    2.0925081e+00   -1.5178507e+01 
 -1.9693576e+00   -4.9931834e+00    1.2445244e+01 
  4.3072380e+00   -1.4204059e+01    5.0037948e+00 
  1.1348980e+01   -6.9676137e-01    5.1664796e+00 
 -1.9914269e-01    6.7544783e+00   -5.4812543e+00 
  1.1261846e+01   -8.6416414e+00    6.9509270e+00 
 -7.7257512e+00    8.3580061e+00    2.6968218e+00 
 -8.5976644e+00   -2.3035717e+00   -6.8763801e+00 
 -1.0093246e-01    6.1581835e+00    6.4199390e+00 
  1.9611299e+00   -5.3297944e+00   -2.0068905e+00 
  2.4125807e+00    7.9139941e+00    1.4020041e+01 
  2.5968650e+00    5.4403073e+00    9.8575133e+00 
  8.8881057e+00   -2.7126454e+00    5.3840372e+00 
 -9.4990939e+00   -2.6426936e+00   -6.6657727e+00 
 -2.9261080e+00    1.0799494e+01    7.1909996e+00 
  3.4912589e+00    7.1561342e+00    1.1109913e+01 
 -3.7082129e-01   -7.0659879e+00   -3.5133114e+00 
 -5.7176740e-01   -7.8144763e+00   -4.0283941e+00 
 -8.9300760e+00   -2.1170523e+00    3.4487445e-01 
  1.0243600e+01    3.4645876e+00    3.8681871e+00 
  4.9827657e-01   -1.2806928e+00    1.4357119e+00 
  1.4432934e+01    1.3281654e+01    7.3827124e+00 
  1.7818729e+00    7.7948209e+00    7.2577486e+00 
  1.6215176e+00    4.8310639e+00   -8.2461369e+00 
  7.9613433e+00    3.8395934e+00    1.6306322e+01 
 -1.7210082e+00    4.0404687e+00   -2.0888600e+00 
 -4.6157489e+00    8.3403157e+00    7.9439675e+00 
  3.5048042e+00   -3.3145853e+00   -1.2425113e+00 
  6.6547276e-01   -8.7979341e-01   -1.4807313e+01 
 -1.4895406e+01    4.7618884e+00   -6.0102427e+00 
  1.4844090e+01   -3.6742683e+00    3.0365462e+00 
  7.5572582e-01   -9.5099707e+00   -1.2024067e+01 
  1.0699097e+00    7.9267827e+00    8.5453280e+00 
 -4.8382687e+00   -2.7071890e+00   -6.1907551e+00 
  6.1397383e+00    9.5293610e+00    7.5806542e+00 
  3.7059748e-01    6.6075535e+00   -5.6119602e+00 
  6.7021913e+00    4.5943979e+00    4.7537381e+00 
 -4.9295743e+00    5.6050232e+00    3.6724686e+00 
  1.3123961e+00   -1.0524493e-01    4.1432671e+00 
 -3.7104754e+00   -5.8701068e+00   -8.8577924e+00 
 -1.7393613e+00   -4.4198172e+00   -1.0501918e+01 
 -4.2144006e+00    1.4586526e+01    4.4347909e+00 
  6.1487986e+00    1.2448246e+01   -8.2780670e-01 
  1.5938132e+01   -1.1766783e+01   -4.0366896e+00 
 -6.8128377e+00   -5.5785993e+00    5.4274904e+00 
 -5.7148576e+00    1.0456489e+00    3.5113597e+00 
  5.9536180e+00   -1.0725967e+01    1.3691469e+01 
  1.6454559e+00   -1.6137637e+00   -1.6100212e+01 
  1.1515828e+01    8.9800166e+00   -3.4782191e+00 
 -8.7820595e+00   -2.6276335e+00    3.5745418e+00 
 -2.2228448e+00    1.1472568e+01    4.2863262e+00 
 -1.3841779e+01   -4.8585276e-01   -2.3378517e+00 
  9.9286402e+00   -7.9662267e+00   -1.0445992e+00 
 -1.2984895e+01    3.9758717e+00    7.8179785e+00 
 -1.0470928e+01   -1.0243957e+01    1.1140414e+01 
  6.4230546e+00   -2.4365989e+00    7.0886970e+00 
  4.0891891e+00   -4.9331294e+00   -1.0861276e+01 
 -3.3201279e+00   -2.2097313e+00   -1.5480588e+00 
  2.5046298e+00    1.3033976e+01   -6.1671914e+00 
 -4.5454313e+00   -2.2022128e+00    9.3064421e+00 
 -7.6831358e+00   -3.1857967e+00    2.6843069e+00 
  6.3943007e+00    3.4947721e+00   -5.8949890e+00 
  2.4335363e+00    1.7818904e-02    9.2930089e+00 
  1.9316501e+00    6.1454222e+00   -2.5702113e+00 
 -1.1194055e-01    2.2638069e+00    7.1047498e+00 
  8.9787022e+00   -1.6587008e+00    3.0948319e+00 
  7.3345230e-01   -3.5650979e+00   -2.0096830e+00 
 -3.1554088e+00    4.7677766e+00   -2.8109470e+00 
 -8.1137516e+00    3.4528546e+00   -7.1173031e-01 
  8.0500407e+00   -1.0470727e+01    2.0610619e+00 
  2.7124917e+00    2.5065319e+00   -4.3876982e+00 
  5.7315077e+00   -1.1182500e+01    1.6328682e+00 
  1.0924781e+01   -5.8721439e+00    2.5139692e+00 
 -4.9942699e+00   -7.8183406e+00   -2.9638270e+00 
  5.6056364e-01   -1.1108380e+00   -1.8730920e+00 
 -3.0059801e+00   -1.9271993e+00   -3.5999189e+00 
  1.5159753e+00   -9.1167150e-01    3.8559098e+00 
 -2.5661336e+00   -4.0898060e+00    1.2504548e+01 
 -9.0796537e-01   -1.4293353e+01    9.4148763e+00 
  3.7066978e+00   -1.6798190e+00    3.8964603e+00 
 -1.8646973e+00   -1.1516286e+01    1.4539255e+00 
 -3.9213581e+00   -8.9031861e+00   -2.1991194e-02 
  6.9512544e+00   -5.1724128e+00    7.0154445e-01 
 -3.3652853e+00    8.8147465e+00    1.8196774e+00 
 -8.7094859e-01   -6.5912124e+00    1.1040675e+01 
  6.3060788e+00    1.2254520e+00   -7.7972103e-01 
 -3.0384385e+00   -4.8571825e+00    1.3433302e+01 
 -4.0617814e+00    6.3347812e+00   -1.7884963e+00 
  2.8440165e+00   -8.8531354e-02   -1.2627411e+00 
 -1.3735086e+01   -2.9000840e-01    5.9096686e+00 
  3.2610424e+00    6.7767933e+00    1.7451335e+01 
 -5.0535319e+00   -1.6218773e+01   -1.4695883e+00 
 -3.0077508e+00    1.3928835e+01    3.7728686e+00 
  4.6335587e+00    9.8090602e+00    3.2698807e+00 
 -2.9048430e+00   -5.8897163e+00    5.2714123e+00 
  3.2862476e+00   -2.8725606e+00   -4.9899807e+00 
 -6.9410630e+00    2.5696450e+00   -2.1088465e+00 
  5.9328264e+00   -1.1892617e+00    9.9922744e+00 
 -4.4008611e+00    5.8916574e+00    2.5108857e+00 
 -7.4269030e+00    1.7894155e+00    4.4081147e+00 
  8.2447706e-01   -7.9461204e+00    3.7674912e+00 
 -4.9301585e+00    4.1790304e+00    7.6280022e+00 
 -4.2753675e+00   -2.5176681e+00    1.4410209e+01 
 -8.3785033e+00    4.4826836e+00    4.5213604e+00 
  6.7236942e+00    8.4365478e+00   -2.6813308e+00 
 -2.3056817e-01   -1.7470387e+00   -1.4773414e+00 
 -2.7527979e+00    6.8396960e+00   -8.1778677e+00 
  3.3997065e+00   -2.1188974e+00    1.3335021e+01 
 -3.8946350e+00   -1.6877788e+00    4.9471640e+00 
  2.9470439e+00    2.2135539e+00   -7.7605155e+00 
 -3.6434346e+00    2.6524889e+00   -7.7036642e+00 
 -6.4576843e+00    5.6554562e+00    5.0662858e+00 
  2.4855130e+00   -2.0750502e+00    2.9904494e+00 
 -7.8391779e+00    4.1505767e+00    3.5661807e+00 
  3.8770322e+00    6.4084202e+00    1.2024536e+00 
 -1.6229859e+00   -7.8146563e+00    4.9855394e+00 
 -1.6861486e+00   -7.7750981e+00    1.3812312e+01 
  2.9645252e-02    8.8519729e+00    1.1819579e+00 
 -1.3312949e+01   -6.4923849e+00   -4.7370667e+00 
 -6.4200549e+00    1.6275092e+00   -7.1934292e+00 
 -1.0159688e+00   -6.4820544e-01    9.7885299e+00 
 -1.7381418e+00    7.6235772e+00    4.3173810e+00 
 -1.3942301e+00   -6.4934891e+00   -3.4510095e+00 
 -9.1107276e-02   -2.8747061e+00    1.1300292e+01 
 -4.7043707e+00    4.3509124e-01   -1.5600703e+00 
  2.3955929e+00    2.9237255e+00   -1.0298552e+00 
 -6.4325992e+00   -6.9030816e+00    5.5739956e-01 
  4.2870830e+00    1.1052886e+00    2.3932028e+00 
 -1.6486427e+00   -3.5702259e+00    2.0594852e+00 
 -1.9336484e+00   -1.0429492e+00    3.6031896e+00 
 -8.9069326e+00   -2.6854597e+00   -9.3207566e+00 
 -1.5153234e+01    1.2438627e+01    6.9390538e+00 
  1.3198282e+00   -8.4390501e+00    9.4194539e+00 
 -3.2615157e+00   -1.7268784e+00   -2.5047773e+00 
  3.5900976e+00   -6.4170132e+00   -8.6048876e+00 
  1.1734498e+01    7.5214168e+00    7.9636810e-01 
 -3.7045589e+00    3.0428878e+00    6.0636313e+00 
 -9.2803798e+00   -7.7816709e+00    4.8576195e+00 
  7.9797999e+00    7.3183155e-01    1.1747338e+01 
 -1.7021931e+00    5.0867888e+00   -6.5155262e+00 
 -1.5073689e+00   -4.2063653e+00    5.6310096e+00 
 -9.1013661e-01    4.8143905e+00    4.6011551e+00 
 -1.2016155e+01    1.1259828e+01    1.1428579e+01 
 -8.4992447e+00    5.4544148e+00    5.4254081e+00 
 -4.8133069e+00    8.6710871e+00   -1.1300434e+01 
 -4.2976148e-02   -6.7750462e+00   -7.8284644e-01 
  1.1675773e+00    1.4349967e+00    3.6292363e+00 
 -1.8809340e+00   -5.0987148e+00    1.3329371e+01 
  5.2718175e+00    7.8813623e+00   -2.9542340e+00 
 -8.4145383e+00    3.4723370e+00   -5.6293118e+00 
 -8.8112576e+00    3.4601047e+00   -1.4553043e+00 
 -6.3670269e+00    8.1143789e+00   -4.2939197e+00 
 -5.1829627e+00   -1.0403791e+01    6.6418357e+00 
  4.1914889e-01    9.6611879e-01    6.2519800e+00 
 -4.5697579e+00    1.3461858e+01    2.2428250e-01 
 -3.0642290e+00   -5.9609205e-01    5.5943648e+00 
  1.7717651e+00   -1.7463576e+00    1.3715075e+01 
 -4.8148940e+00    7.9443972e+00   -3.6519853e+00 
  3.0072933e+00    2.8670989e+00   -4.5234275e+00 
 -7.6497425e-01    9.8052993e-01    8.9510826e+00 
 -4.7441924e+00   -2.4493693e+00    1.0905541e+01 
 -6.5874166e+00    4.5905892e+00   -5.8912855e+00 
  6.0565762e+00   -1.9523700e-01   -1.2532211e+01 
 -1.1554097e+01   -6.7435447e+00    1.1604018e+01 
  5.3840276e-01   -2.7618930e+00    1.4961572e+01 
 -1.0548644e+01    1.0267231e+01   -1.5993911e+00 
  7.8692812e+00    1.2348595e+00    8.1606913e+00 
 -1.1969780e+00   -1.1729883e+01    9.7278278e+00 
 -6.6447793e+00   -3.1548603e+00   -1.5210642e+01 
 -4.7267742e+00   -1.1746219e+01    3.9569884e+00 
  6.1230250e+00    4.4804687e+00   -1.1708439e+01 
  8.5611890e+00    8.6391303e+00    1.0920270e+01 
 -2.4799310e+00    5.2513028e+00    8.7665201e-02 
 -3.4646412e+00    1.1984182e+01    4.8636813e+00 
  4.5611717e-01   -8.3817378e-01   -1.0453483e+01 
 -3.0422503e+00   -1.4081531e+01    6.9420872e+00 
  9.4470343e+00   -2.8167675e+00   -1.0421850e+01 
 -1.6579111e+01   -5.3415838e+00    9.0284670e+00 
 -3.6699997e+00    5.5283421e-01   -8.2650598e+00 
 -1.1637810e+01   -7.2211457e+00    1.0753952e+01 
 -6.1168608e-01    1.9453776e+00   -8.0286613e-01 
 -3.1026734e-01   -7.6898926e+00   -9.5082702e-01 
 -3.3314653e+00    1.0582937e+01    2.4947456e+00 
 -8.6088405e+00   -3.2215459e+00    4.9088574e+00 
  8.7515614e+00    5.2618029e+00   -5.2607763e+00 
  3.5948864e+00   -9.4081387e-01    5.7371794e+00 
  5.4949887e+00    1.7276992e+00    6.1512358e-02 
 -2.5218150e+00   -7.7977834e+00    5.5562609e+00 
  4.8226964e+00    1.1187962e+01   -7.1708095e+00 
 -5.5365484e+00   -4.9442326e+00    1.1180282e+01 
 -1.8949705e+00   -1.1702578e+00   -1.4308566e+00 
  1.1074081e+01    4.4846679e-01    1.0491819e+01 
  5.6906095e+00    8.3012074e+00   -9.7350011e-01 
 -7.8312061e+00   -2.9293962e+00    4.3886635e+00 
 -7.6316913e-01    4.6399600e+00   -6.2715761e+00 
  1.6767780e+00   -3.5153387e+00    6.7917176e+00 
  2.5671830e+00    1.2843607e+01   -3.1395997e-02 
  5.8138069e+00   -9.2450508e-01    4.1289839e+00 
  9.6753265e+00    1.5687307e+01   -3.9958580e+00 
 -1.0761822e+00   -2.0322572e+00   -7.9090900e-01 
  2.0244452e+01    7.0661919e+00    5.1635521e-01 
  3.9084865e+00   -2.7108740e+00   -3.7963229e+00 
  1.1222367e+01    4.3283520e-01    2.0548526e+00 
  7.0622798e+00    1.0310720e+01   -4.3908196e+00 
 -1.1231873e+01    5.8581262e+00   -3.4180913e+00 
  2.3735024e+00    5.7618913e+00   -2.7565390e+00 
  7.3429479e+00   -3.7752547e-01   -9.0834524e-01 
  1.3321430e+01   -1.3231054e+00    2.8265977e+00 
  1.0800071e+01   -4.2753928e+00   -2.1173921e+00 
  7.4494935e+00    2.4300502e+00    3.5645015e+00 
  3.2899317e+00   -1.0730932e+00    2.6743360e-01 
 -1.1239346e+00    1.8621627e+01    2.4481962e+00 
  1.1225865e+01    5.9141156e+00   -7.4234207e+00 
  1.3412037e+01   -5.5840436e+00    1.7860291e+00 
  3.0688381e+00   -9.0371142e+00    5.1357904e+00 
  2.2761584e+00    1.6128366e+00   -8.6939419e+00 
  4.6732830e+00    7.4076864e-01   -8.6131102e+00 
  1.0228832e+01   -6.7036152e+00    6.8881355e+00 
 -5.6043991e+00   -1.3479997e+00   -1.1056108e+00 
 -3.3820979e+00    9.4243210e+00   -7.5420619e+00 
 -6.5467115e+00   -1.1052339e+01   -8.9575339e-01 
 -6.1862447e-02   -3.7792589e+00    8.2363893e+00 
 -1.8911305e+00   -4.9443707e+00   -4.3122467e+00 
 -2.9628867e+00   -6.7874082e+00    3.4766226e-02 
 -1.7637371e+00    2.4016848e-01   -3.0827618e+00 
 -1.7495802e+00   -2.0463577e+00   -7.6480110e-01 
 -8.4579795e+00   -7.6381697e-01   -7.3041899e-01 
 -5.1291608e+00   -1.3855411e+00    5.1435589e+00 
  4.5807345e+00   -1.0221918e+01   -8.5438759e-01 
  2.4422107e+00   -2.1893227e+00   -7.3638964e+00 
 -4.0882759e+00   -1.2244875e+00    3.4614715e-01 
 -1.0298930e+01   -1.2477618e+00   -5.7566652e+00 
 -4.3134254e+00    6.7533187e+00   -2.4566556e+00 
 -2.0454233e-01    1.2119292e+01    4.2959031e+00 
 -3.1351009e+00   -1.1162885e+01    1.8089064e+00 
 -7.4525381e+00    4.0365298e-01    2.1689471e+00 
  8.5782814e+00   -7.0787752e+00   -7.1917354e+00 
  6.7415799e-01    2.3612450e+00   -7.6762027e+00 
  1.1078352e+00    9.7187202e+00   -5.7943520e+00 
  3.1476134e+00    3.9383774e+00    5.7770152e+00 
  8.7439514e+00    8.8841232e-01    1.2587204e+00 
  2.3749516e+00   -3.6064354e-01   -1.3187924e+01 
  7.1955542e+00    2.0062543e+00   -6.5050129e-01 
 -2.9657627e+00   -1.3690144e+00   -1.2000488e+01 
 -6.1617541e+00    7.1447448e+00   -6.6801483e+00 
  2.5091263e+00   -3.1615208e+00   -1.0971260e+01 
 -3.2397775e+00    1.1163922e+01   -1.4640193e+01 
 -9.3401913e+00    5.5254137e+00    7.5527857e+00 
  2.7773802e+00    2.5697095e+00   -4.4237536e+00 
  1.4287195e+01    2.5082758e+00   -1.0780118e+00 
  4.2185336e+00    4.2808543e+00   -2.8259689e+00 
 -1.0747606e+01    6.0726880e-01   -2.9994250e+00 
  5.7801931e+00    9.7848268e+00   -3.6350767e+00 
  8.5217321e-01   -5.2639816e+00   -3.5205385e+00 
  9.4748248e+00    3.2761818e+00   -1.4746263e+01 
 -4.7192508e+00   -3.7727108e-01   -8.0489516e+00 
  3.0939741e-01   -1.0888467e-01   -1.0617489e+01 
  5.7110398e+00    1.1407845e+01   -1.0344550e+01 
 -1.3944272e+01   -4.2279582e+00    4.1281945e+00 
 -9.0681347e+00    7.1536419e-01   -5.5451807e+00 
  6.2960628e+00   -2.0185037e+00   -7.4482072e+00 
  9.6875831e+00   -2.8482641e+00    2.7170851e+00 
  6.6310070e+00    6.0193585e+00    5.3314876e+00 
 -4.5866777e+00    1.4094174e+01    9.9763726e+00 
  1.0021584e+01   -2.8963146e-01    1.5732127e-01 
  4.5044601e+00   -7.0154404e-01   -1.8207063e+00 
 -3.4323866e+00   -4.3779425e+00    5.2766593e+00 
 -3.8288665e+00    1.2881561e+01   -5.8575169e+00 
  6.1286723e+00    7.5172862e+00   -3.1742216e+00 
  4.2623340e-01   -2.1924543e+00    1.0134418e+01 
 -3.1625424e+00   -4.1713238e+00   -2.5749212e+00 
 -3.4813327e+00   -1.9450715e+00    1.0731980e+00 
  9.5003505e+00   -1.5427895e+00   -2.2113626e+00 
  5.8709838e+00    1.3288521e+01   -3.3246073e+00 
  1.3757956e+01   -8.9612380e+00   -8.5124773e+00 
  1.8313918e+00    7.5718954e+00    4.5099519e+00 
 -2.4492785e+00   -9.2288983e+00    8.5739820e+00 
  1.2860907e+00    2.1137444e+00   -3.4355831e+00 
 -2.0319290e-01    2.8424751e+00    4.3390972e+00 
  4.9041393e+00   -1.3278420e+00   -7.4660333e+00 
  7.3661773e+00   -2.5313543e+00   -2.9333757e+00 
  1.3434044e+01   -1.1378978e+00   -2.5732843e+00 
 -5.8011850e+00    1.4449526e+01    5.7516072e+00 
  9.9110306e+00    6.6582589e+00    8.5986600e+00 
  1.0639928e+01   -7.3673009e+00   -6.7589474e+00 
  3.3236064e-01   -1.2021847e+00    2.1740758e+00 
 -4.5738337e+00    1.4690043e+00    3.0513179e+00 
  9.5542830e+00   -5.0759074e+00   -6.7680791e+00 
  1.2839822e+00   -9.1501562e+00    2.8556462e+00 
 -2.9296476e+00   -4.6032409e+00   -2.5279847e+00 
 -1.7349421e+00    1.3558159e+00    6.2242731e-01 
  4.5088115e+00   -1.8818335e+00   -7.7795627e-01 
  5.7876520e-01    6.0354454e+00    4.8718046e+00 
  6.0172858e+00    2.0559542e+00    6.2072688e+00 
 -2.3350862e-01   -7.2251993e+00   -4.1164184e-02 
  3.6513954e+00   -1.5897833e+00   -2.3875272e+00 
 -3.2891284e+00    1.9809645e-02    5.3306384e+00 
 -4.6253743e+00    5.1166408e+00   -7.1218460e+00 
  7.3113317e+00    2.2262226e+00    2.5290361e+00 
  3.8342191e+00    4.5829890e+00    7.0985110e+00 
  4.2643212e+00   -3.9460052e+00    9.1231382e+00 
  9.1178582e+00    2.9993678e+00   -5.3887267e+00 
  5.0262061e+00   -2.2290426e+00    2.8577779e+00 
 -2.3085563e+00   -5.7694946e+00    3.1597811e+00 
  5.3172326e+00    3.3397171e+00   -1.2416045e+00 
  1.3040123e+01    2.1874958e+00   -1.6458287e-01 
 -5.8449522e+00   -5.9685577e+00   -8.7828283e+00 
  8.7755217e-01   -8.4046878e+00   -8.8167616e-01 
  7.8562267e+00    1.4390136e+00   -3.1646496e+00 
  5.3814753e+00    5.5274585e+00    6.8664858e+00 
 -4.2726067e+00   -7.4711162e+00    2.7868581e+00 
 -8.7675317e+00   -2.1077605e+00   -6.8473476e+00 
  4.2253132e+00    3.3004191e-01    6.2308220e+00 
 -1.7655129e+00    3.7587907e+00    9.6883658e+00 
  3.3993844e+00   -5.1455252e+00    1.3591368e+01 
 -4.0838857e+00   -4.8872748e+00   -9.2166247e+00 
 -3.5011559e+00    7.4404057e+00   -8.8128820e+00 
 -1.8737064e+00    1.9275150e+00    3.1064090e+00 
 -2.1764507e+00   -3.4829042e+00   -6.7805148e+00 
 -6.1651172e+00    2.9036400e+00   -3.3076532e+00 
  2.6782160e+00    1.3273169e+00    1.5139600e+01 
 -4.7776005e+00    3.9898957e+00    1.1280828e+01 
  1.2163431e-01    9.6988661e-02    1.9977834e+00 
 -4.5381454e+00   -2.0103512e-01    1.2074921e+01 
 -9.7989276e+00    3.0773812e+00    1.1488206e+01 
 -3.9239661e+00    3.5725675e+00    5.1956122e+00 
  2.8720312e+00    3.5210356e+00   -7.1621340e+00 
 -9.1152717e+00    7.8171856e-01   -1.1665965e+01 
 -9.0564353e+00   -4.7129418e+00   -6.3078495e+00 
 -2.9991688e+00    5.7083623e+00   -3.8860233e+00 
  6.7051643e+00   -2.8771623e+00    4.5750891e+00 
 -1.6064908e+00   -1.0687760e-01   -1.1884583e+01 
 -5.6357327e+00    9.6748736e+00    8.1021363e+00 
 -2.4509242e+00   -4.4167300e+00   -4.5883933e+00 
  4.5422745e-01    1.1094948e+00    1.0273301e+01 
 -6.8867050e+00    1.3368351e+00   -4.8668612e+00 
 -1.7356949e+00   -4.0384292e+00   -3.8075166e-01 
  5.8148391e+00   -7.5991831e+00   -5.3136689e+00 
  1.4759034e+00    3.4525216e-01   -1.3165434e+01 
 -2.5940784e+00    6.2418503e+00    1.0135141e+01 
 -9.6791013e+00    4.9444774e+00   -1.6718054e+00 
  4.9062453e+00   -7.9242940e-01    1.0452002e+01 
  6.5126934e+00   -9.7489620e+00   -4.0256456e+00 
  1.7549277e+01    5.4428399e+00   -1.4894989e+01 
 -6.7770041e+00    5.4224728e+00   -8.2558202e+00 
  1.0505815e+01    6.0369987e+00    3.7326213e+00 
 -2.6423132e+00   -5.2680913e+00    1.7355029e+00 
 -7.2431442e+00   -2.0480679e+00   -6.7303907e-01 
 -7.3228321e+00   -5.3382879e+00    6.8125370e+00 
  8.1342121e+00    8.5416240e+00   -1.3153790e+00 
  3.6963339e+00    8.5795058e+00   -9.5810360e+00 
