  5.6932847e+00    8.6583020e+00    9.0954025e+00 
  1.7800526e+00   -3.1494844e+00   -1.3258657e+00 
 -2.4016674e+00    4.2323394e+00    4.4849570e+00 
 -3.5445832e+00    6.4594513e+00    2.9104047e+00 
 -1.1961926e+00    1.1879855e+00    7.2334618e+00 
 -9.3092347e+00   -7.1178367e+00    1.3574341e+00 
  1.0360697e+01    3.4670277e-01    2.2776583e+00 
  5.6274206e-03   -1.0906628e+01   -8.9245018e-02 
  4.3314198e+00   -7.3064807e+00   -7.7822686e+00 
 -2.4977334e+00   -5.8219982e-01   -3.6627399e-01 
 -3.2487751e+00   -6.6587725e+00   -7.1559362e+00 
  4.6622980e+00    4.3347780e+00    8.9662294e+00 
  8.1012542e+00   -5.2339383e+00   -4.9966057e-01 
 -1.0164425e+00    7.1588795e+00   -5.3103678e-02 
  9.3841139e+00    3.1351967e+00    1.2103006e+01 
 -7.9699783e+00    5.7843881e+00    5.0971575e+00 
 -2.6718143e+00    8.3231352e+00    6.9872261e+00 
 -3.3209311e+00   -9.0995014e+00   -6.0381603e+00 
 -2.2894812e+00    1.0438100e+01   -1.3936215e+00 
  6.6211122e-01    1.6772453e+00    3.7178717e+00 
  9.3621620e+00   -5.8555998e+00   -4.9557651e+00 
  3.2497089e+00    3.9163770e+00    8.3821469e+00 
 -9.3449286e+00   -1.0553520e+01    3.1788867e+00 
 -3.9676210e+00   -3.5933598e+00    4.5915174e-01 
 -3.6448996e+00    4.4121632e+00   -5.7254156e+00 
 -6.5049043e-01    4.3233863e+00    2.5888173e+00 
 -4.8553939e+00   -2.0621615e+00    2.5877246e-01 
  6.4574210e+00   -1.3300040e+01   -6.8115596e+00 
 -1.7087218e-01   -3.4399899e+00    7.5444377e-01 
 -5.4036093e+00   -1.7383802e+00    6.3150795e+00 
 -6.6996393e+00    8.5825032e-01    8.1002693e-01 
  7.7901514e+00   -1.0700167e+01   -6.1669421e+00 
  5.9789165e-01   -4.9304062e+00   -8.0025344e+00 
  1.2767742e+00   -1.2188147e+00   -5.4889661e+00 
 -6.9791335e+00    7.2113008e+00   -4.3696755e+00 
  1.7089347e+00    4.3040711e+00    9.6999506e+00 
  1.2833609e+01   -5.4882115e+00   -1.1478096e+01 
 -4.9616438e+00    5.4833485e+00    7.3451503e+00 
  7.5522743e+00    1.3714027e+00   -3.7577238e+00 
  7.8534679e+00   -3.5393923e+00   -2.9224804e+00 
 -8.1646921e+00    2.4971112e+00   -5.0731892e-01 
 -2.7706067e+00    5.4822059e+00    9.6816468e-01 
  6.0388685e+00   -4.4331770e+00    3.2451632e+00 
  7.4140750e-03   -2.7345634e+00    4.6914933e+00 
  6.1236523e+00    3.9066942e+00   -9.5356229e+00 
 -4.8225948e+00    4.0133230e+00    1.4541722e+00 
  7.6939828e-01   -2.7916393e+00   -4.3539089e+00 
  4.5543282e+00    3.8336320e-01   -7.2219046e-01 
 -1.3054263e+01    1.1712502e+01    1.1886588e+01 
 -6.1800005e+00    2.0925081e+00   -1.5178507e+01 
 -1.9693576e+00   -4.9931834e+00    1.2445244e+01 
  4.3072380e+00   -1.4204059e+01    5.0037948e+00 
  1.1348980e+01   -6.9676137e-01    5.1664796e+00 
 -1.9914269e-01    6.7544783e+00   -5.4812543e+00 
  1.1261846e+01   -8.6416414e+00    6.9509270e+00 
 -7.7257512e+00    8.3580061e+00    2.6968218e+00 
 -8.5976644e+00   -2.3035717e+00   -6.8763801e+00 
 -1.0093246e-01    6.1581835e+00    6.4199390e+00 
  1.9611299e+00   -5.3297944e+00   -2.0068905e+00 
  2.4125807e+00    7.9139941e+00    1.4020041e+01 
  2.5968650e+00    5.4403073e+00    9.8575133e+00 
  8.8881057e+00   -2.7126454e+00    5.3840372e+00 
 -9.4990939e+00   -2.6426936e+00   -6.6657727e+00 
 -2.9261080e+00    1.0799494e+01    7.1909996e+00 
  3.4912589e+00    7.1561342e+00    1.1109913e+01 
 -3.7082129e-01   -7.0659879e+00   -3.5133114e+00 
 -5.7176740e-01   -7.8144763e+00   -4.0283941e+00 
 -8.9300760e+00   -2.1170523e+00    3.4487445e-01 
  1.0243600e+01    3.4645876e+00    3.8681871e+00 
  4.9827657e-01   -1.2806928e+00    1.4357119e+00 
  1.4432934e+01    1.3281654e+01    7.3827124e+00 
  1.7818729e+00    7.7948209e+00    7.2577486e+00 
  1.6215176e+00    4.8310639e+00   -8.2461369e+00 
  7.9613433e+00    3.8395934e+00    1.6306322e+01 
 -1.7210082e+00    4.0404687e+00   -2.0888600e+00 
 -4.6157489e+00    8.3403157e+00    7.9439675e+00 
  3.5048042e+00   -3.3145853e+00   -1.2425113e+00 
  6.6547276e-01   -8.7979341e-01   -1.4807313e+01 
 -1.4895406e+01    4.7618884e+00   -6.0102427e+00 
  1.4844090e+01   -3.6742683e+00    3.0365462e+00 
  7.5572582e-01   -9.5099707e+00   -1.2024067e+01 
  1.0699097e+00    7.9267827e+00    8.5453280e+00 
 -4.8382687e+00   -2.7071890e+00   -6.1907551e+00 
  6.1397383e+00    9.5293610e+00    7.5806542e+00 
  3.7059748e-01    6.6075535e+00   -5.6119602e+00 
  6.7021913e+00    4.5943979e+00    4.7537381e+00 
 -4.9295743e+00    5.6050232e+00    3.6724686e+00 
  1.3123961e+00   -1.0524493e-01    4.1432671e+00 
 -3.7104754e+00   -5.8701068e+00   -8.8577924e+00 
 -1.7393613e+00   -4.4198172e+00   -1.0501918e+01 
 -4.2144006e+00    1.4586526e+01    4.4347909e+00 
  6.1487986e+00    1.2448246e+01   -8.2780670e-01 
  1.5938132e+01   -1.1766783e+01   -4.0366896e+00 
 -6.8128377e+00   -5.5785993e+00    5.4274904e+00 
 -5.7148576e+00    1.0456489e+00    3.5113597e+00 
  5.9536180e+00   -1.0725967e+01    1.3691469e+01 
  1.6454559e+00   -1.6137637e+00   -1.6100212e+01 
  1.1515828e+01    8.9800166e+00   -3.4782191e+00 
 -8.7820595e+00   -2.6276335e+00    3.5745418e+00 
 -2.2228448e+00    1.1472568e+01    4.2863262e+00 
 -1.3841779e+01   -4.8585276e-01   -2.3378517e+00 
  9.9286402e+00   -7.9662267e+00   -1.0445992e+00 
 -1.2984895e+01    3.9758717e+00    7.8179785e+00 
 -1.0470928e+01   -1.0243957e+01    1.1140414e+01 
  6.4230546e+00   -2.4365989e+00    7.0886970e+00 
  4.0891891e+00   -4.9331294e+00   -1.0861276e+01 
 -3.3201279e+00   -2.2097313e+00   -1.5480588e+00 
  2.5046298e+00    1.3033976e+01   -6.1671914e+00 
 -4.5454313e+00   -2.2022128e+00    9.3064421e+00 
 -7.6831358e+00   -3.1857967e+00    2.6843069e+00 
  6.3943007e+00    3.4947721e+00   -5.8949890e+00 
  2.4335363e+00    1.7818904e-02    9.2930089e+00 
  1.9316501e+00    6.1454222e+00   -2.5702113e+00 
 -1.1194055e-01    2.2638069e+00    7.1047498e+00 
  8.9787022e+00   -1.6587008e+00    3.0948319e+00 
  7.3345230e-01   -3.5650979e+00   -2.0096830e+00 
 -3.1554088e+00    4.7677766e+00   -2.8109470e+00 
 -8.1137516e+00    3.4528546e+00   -7.1173031e-01 
  8.0500407e+00   -1.0470727e+01    2.0610619e+00 
  2.7124917e+00    2.5065319e+00   -4.3876982e+00 
  5.7315077e+00   -1.1182500e+01    1.6328682e+00 
  1.0924781e+01   -5.8721439e+00    2.5139692e+00 
 -4.9942699e+00   -7.8183406e+00   -2.9638270e+00 
  5.6056364e-01   -1.1108380e+00   -1.8730920e+00 
 -3.0059801e+00   -1.9271993e+00   -3.5999189e+00 
  1.5159753e+00   -9.1167150e-01    3.8559098e+00 
 -2.5661336e+00   -4.0898060e+00    1.2504548e+01 
 -9.0796537e-01   -1.4293353e+01    9.4148763e+00 
  3.7066978e+00   -1.6798190e+00    3.8964603e+00 
 -1.8646973e+00   -1.1516286e+01    1.4539255e+00 
 -3.9213581e+00   -8.9031861e+00   -2.1991194e-02 
  6.9512544e+00   -5.1724128e+00    7.0154445e-01 
 -3.3652853e+00    8.8147465e+00    1.8196774e+00 
 -8.7094859e-01   -6.5912124e+00    1.1040675e+01 
  6.3060788e+00    1.2254520e+00   -7.7972103e-01 
 -3.0384385e+00   -4.8571825e+00    1.3433302e+01 
 -4.0617814e+00    6.3347812e+00   -1.7884963e+00 
  2.8440165e+00   -8.8531354e-02   -1.2627411e+00 
 -1.3735086e+01   -2.9000840e-01    5.9096686e+00 
  3.2610424e+00    6.7767933e+00    1.7451335e+01 
 -5.0535319e+00   -1.6218773e+01   -1.4695883e+00 
 -3.0077508e+00    1.3928835e+01    3.7728686e+00 
  4.6335587e+00    9.8090602e+00    3.2698807e+00 
 -2.9048430e+00   -5.8897163e+00    5.2714123e+00 
  3.2862476e+00   -2.8725606e+00   -4.9899807e+00 
 -6.9410630e+00    2.5696450e+00   -2.1088465e+00 
  5.9328264e+00   -1.1892617e+00    9.9922744e+00 
 -4.4008611e+00    5.8916574e+00    2.5108857e+00 
 -7.4269030e+00    1.7894155e+00    4.4081147e+00 
  8.2447706e-01   -7.9461204e+00    3.7674912e+00 
 -4.9301585e+00    4.1790304e+00    7.6280022e+00 
 -4.2753675e+00   -2.5176681e+00    1.4410209e+01 
 -8.3785033e+00    4.4826836e+00    4.5213604e+00 
  6.7236942e+00    8.4365478e+00   -2.6813308e+00 
 -2.3056817e-01   -1.7470387e+00   -1.4773414e+00 
 -2.7527979e+00    6.8396960e+00   -8.1778677e+00 
  3.3997065e+00   -2.1188974e+00    1.3335021e+01 
 -3.8946350e+00   -1.6877788e+00    4.9471640e+00 
  2.9470439e+00    2.2135539e+00   -7.7605155e+00 
 -3.6434346e+00    2.6524889e+00   -7.7036642e+00 
 -6.4576843e+00    5.6554562e+00    5.0662858e+00 
  2.4855130e+00   -2.0750502e+00    2.9904494e+00 
 -7.8391779e+00    4.1505767e+00    3.5661807e+00 
  3.8770322e+00    6.4084202e+00    1.2024536e+00 
 -1.6229859e+00   -7.8146563e+00    4.9855394e+00 
 -1.6861486e+00   -7.7750981e+00    1.3812312e+01 
  2.9645252e-02    8.8519729e+00    1.1819579e+00 
 -1.3312949e+01   -6.4923849e+00   -4.7370667e+00 
 -6.4200549e+00    1.6275092e+00   -7.1934292e+00 
 -1.0159688e+00   -6.4820544e-01    9.7885299e+00 
 -1.7381418e+00    7.6235772e+00    4.3173810e+00 
 -1.3942301e+00   -6.4934891e+00   -3.4510095e+00 
 -9.1107276e-02   -2.8747061e+00    1.1300292e+01 
 -4.7043707e+00    4.3509124e-01   -1.5600703e+00 
  2.3955929e+00    2.9237255e+00   -1.0298552e+00 
 -6.4325992e+00   -6.9030816e+00    5.5739956e-01 
  4.2870830e+00    1.1052886e+00    2.3932028e+00 
 -1.6486427e+00   -3.5702259e+00    2.0594852e+00 
 -1.9336484e+00   -1.0429492e+00    3.6031896e+00 
 -8.9069326e+00   -2.6854597e+00   -9.3207566e+00 
 -1.5153234e+01    1.2438627e+01    6.9390538e+00 
  1.3198282e+00   -8.4390501e+00    9.4194539e+00 
 -3.2615157e+00   -1.7268784e+00   -2.5047773e+00 
  3.5900976e+00   -6.4170132e+00   -8.6048876e+00 
  1.1734498e+01    7.5214168e+00    7.9636810e-01 
 -3.7045589e+00    3.0428878e+00    6.0636313e+00 
 -9.2803798e+00   -7.7816709e+00    4.8576195e+00 
  7.9797999e+00    7.3183155e-01    1.1747338e+01 
 -1.7021931e+00    5.0867888e+00   -6.5155262e+00 
 -1.5073689e+00   -4.2063653e+00    5.6310096e+00 
 -9.1013661e-01    4.8143905e+00    4.6011551e+00 
 -1.2016155e+01    1.1259828e+01    1.1428579e+01 
 -8.4992447e+00    5.4544148e+00    5.4254081e+00 
 -4.8133069e+00    8.6710871e+00   -1.1300434e+01 
 -4.2976148e-02   -6.7750462e+00   -7.8284644e-01 
  1.1675773e+00    1.4349967e+00    3.6292363e+00 
 -1.8809340e+00   -5.0987148e+00    1.3329371e+01 
  5.2718175e+00    7.8813623e+00   -2.9542340e+00 
 -8.4145383e+00    3.4723370e+00   -5.6293118e+00 
 -8.8112576e+00    3.4601047e+00   -1.4553043e+00 
 -6.3670269e+00    8.1143789e+00   -4.2939197e+00 
 -5.1829627e+00   -1.0403791e+01    6.6418357e+00 
  4.1914889e-01    9.6611879e-01    6.2519800e+00 
 -4.5697579e+00    1.3461858e+01    2.2428250e-01 
 -3.0642290e+00   -5.9609205e-01    5.5943648e+00 
  1.7717651e+00   -1.7463576e+00    1.3715075e+01 
 -4.8148940e+00    7.9443972e+00   -3.6519853e+00 
  3.0072933e+00    2.8670989e+00   -4.5234275e+00 
 -7.6497425e-01    9.8052993e-01    8.9510826e+00 
 -4.7441924e+00   -2.4493693e+00    1.0905541e+01 
 -6.5874166e+00    4.5905892e+00   -5.8912855e+00 
  6.0565762e+00   -1.9523700e-01   -1.2532211e+01 
 -1.1554097e+01   -6.7435447e+00    1.1604018e+01 
  5.3840276e-01   -2.7618930e+00    1.4961572e+01 
 -1.0548644e+01    1.0267231e+01   -1.5993911e+00 
  7.8692812e+00    1.2348595e+00    8.1606913e+00 
 -1.1969780e+00   -1.1729883e+01    9.7278278e+00 
 -6.6447793e+00   -3.1548603e+00   -1.5210642e+01 
 -4.7267742e+00   -1.1746219e+01    3.9569884e+00 
  6.1230250e+00    4.4804687e+00   -1.1708439e+01 
  8.5611890e+00    8.6391303e+00    1.0920270e+01 
 -2.4799310e+00    5.2513028e+00    8.7665201e-02 
 -3.4646412e+00    1.1984182e+01    4.8636813e+00 
  4.5611717e-01   -8.3817378e-01   -1.0453483e+01 
 -3.0422503e+00   -1.4081531e+01    6.9420872e+00 
  9.4470343e+00   -2.8167675e+00   -1.0421850e+01 
 -1.6579111e+01   -5.3415838e+00    9.0284670e+00 
 -3.6699997e+00    5.5283421e-01   -8.2650598e+00 
 -1.1637810e+01   -7.2211457e+00    1.0753952e+01 
 -6.1168608e-01    1.9453776e+00   -8.0286613e-01 
 -3.1026734e-01   -7.6898926e+00   -9.5082702e-01 
 -3.3314653e+00    1.0582937e+01    2.4947456e+00 
 -8.6088405e+00   -3.2215459e+00    4.9088574e+00 
  8.7515614e+00    5.2618029e+00   -5.2607763e+00 
  3.5948864e+00   -9.4081387e-01    5.7371794e+00 
  5.4949887e+00    1.7276992e+00    6.1512358e-02 
 -2.5218150e+00   -7.7977834e+00    5.5562609e+00 
  4.8226964e+00    1.1187962e+01   -7.1708095e+00 
 -5.5365484e+00   -4.9442326e+00    1.1180282e+01 
 -1.8949705e+00   -1.1702578e+00   -1.4308566e+00 
  1.1074081e+01    4.4846679e-01    1.0491819e+01 
  5.6906095e+00    8.3012074e+00   -9.7350011e-01 
 -7.8312061e+00   -2.9293962e+00    4.3886635e+00 
 -7.6316913e-01    4.6399600e+00   -6.2715761e+00 
  1.6767780e+00   -3.5153387e+00    6.7917176e+00 
  2.5671830e+00    1.2843607e+01   -3.1395997e-02 
  5.8138069e+00   -9.2450508e-01    4.1289839e+00 
  9.6753265e+00    1.5687307e+01   -3.9958580e+00 
 -1.0761822e+00   -2.0322572e+00   -7.9090900e-01 
  2.0244452e+01    7.0661919e+00    5.1635521e-01 
  3.9084865e+00   -2.7108740e+00   -3.7963229e+00 
  1.1222367e+01    4.3283520e-01    2.0548526e+00 
  7.0622798e+00    1.0310720e+01   -4.3908196e+00 
 -1.1231873e+01    5.8581262e+00   -3.4180913e+00 
  2.3735024e+00    5.7618913e+00   -2.7565390e+00 
  7.3429479e+00   -3.7752547e-01   -9.0834524e-01 
  1.3321430e+01   -1.3231054e+00    2.8265977e+00 
  1.0800071e+01   -4.2753928e+00   -2.1173921e+00 
  7.4494935e+00    2.4300502e+00    3.5645015e+00 
  3.2899317e+00   -1.0730932e+00    2.6743360e-01 
 -1.1239346e+00    1.8621627e+01    2.4481962e+00 
  1.1225865e+01    5.9141156e+00   -7.4234207e+00 
  1.3412037e+01   -5.5840436e+00    1.7860291e+00 
  3.0688381e+00   -9.0371142e+00    5.1357904e+00 
  2.2761584e+00    1.6128366e+00   -8.6939419e+00 
  4.6732830e+00    7.4076864e-01   -8.6131102e+00 
  1.0228832e+01   -6.7036152e+00    6.8881355e+00 
 -5.6043991e+00   -1.3479997e+00   -1.1056108e+00 
 -3.3820979e+00    9.4243210e+00   -7.5420619e+00 
 -6.5467115e+00   -1.1052339e+01   -8.9575339e-01 
 -6.1862447e-02   -3.7792589e+00    8.2363893e+00 
 -1.8911305e+00   -4.9443707e+00   -4.3122467e+00 
 -2.9628867e+00   -6.7874082e+00    3.4766226e-02 
 -1.7637371e+00    2.4016848e-01   -3.0827618e+00 
 -1.7495802e+00   -2.0463577e+00   -7.6480110e-01 
 -8.4579795e+00   -7.6381697e-01   -7.3041899e-01 
 -5.1291608e+00   -1.3855411e+00    5.1435589e+00 
  4.5807345e+00   -1.0221918e+01   -8.5438759e-01 
  2.4422107e+00   -2.1893227e+00   -7.3638964e+00 
 -4.0882759e+00   -1.2244875e+00    3.4614715e-01 
 -1.0298930e+01   -1.2477618e+00   -5.7566652e+00 
 -4.3134254e+00    6.7533187e+00   -2.4566556e+00 
 -2.0454233e-01    1.2119292e+01    4.2959031e+00 
 -3.1351009e+00   -1.1162885e+01    1.8089064e+00 
 -7.4525381e+00    4.0365298e-01    2.1689471e+00 
  8.5782814e+00   -7.0787752e+00   -7.1917354e+00 
  6.7415799e-01    2.3612450e+00   -7.6762027e+00 
  1.1078352e+00    9.7187202e+00   -5.7943520e+00 
  3.1476134e+00    3.9383774e+00    5.7770152e+00 
  8.7439514e+00    8.8841232e-01    1.2587204e+00 
  2.3749516e+00   -3.6064354e-01   -1.3187924e+01 
  7.1955542e+00    2.0062543e+00   -6.5050129e-01 
 -2.9657627e+00   -1.3690144e+00   -1.2000488e+01 
 -6.1617541e+00    7.1447448e+00   -6.6801483e+00 
  2.5091263e+00   -3.1615208e+00   -1.0971260e+01 
 -3.2397775e+00    1.1163922e+01   -1.4640193e+01 
 -9.3401913e+00    5.5254137e+00    7.5527857e+00 
  2.7773802e+00    2.5697095e+00   -4.4237536e+00 
  1.4287195e+01    2.5082758e+00   -1.0780118e+00 
  4.2185336e+00    4.2808543e+00   -2.8259689e+00 
 -1.0747606e+01    6.0726880e-01   -2.9994250e+00 
  5.7801931e+00    9.7848268e+00   -3.6350767e+00 
  8.5217321e-01   -5.2639816e+00   -3.5205385e+00 
  9.4748248e+00    3.2761818e+00   -1.4746263e+01 
 -4.7192508e+00   -3.7727108e-01   -8.0489516e+00 
  3.0939741e-01   -1.0888467e-01   -1.0617489e+01 
  5.7110398e+00    1.1407845e+01   -1.0344550e+01 
 -1.3944272e+01   -4.2279582e+00    4.1281945e+00 
 -9.0681347e+00    7.1536419e-01   -5.5451807e+00 
  6.2960628e+00   -2.0185037e+00   -7.4482072e+00 
  9.6875831e+00   -2.8482641e+00    2.7170851e+00 
  6.6310070e+00    6.0193585e+00    5.3314876e+00 
 -4.5866777e+00    1.4094174e+01    9.9763726e+00 
  1.0021584e+01   -2.8963146e-01    1.5732127e-01 
  4.5044601e+00   -7.0154404e-01   -1.8207063e+00 
 -3.4323866e+00   -4.3779425e+00    5.2766593e+00 
 -3.8288665e+00    1.2881561e+01   -5.8575169e+00 
  6.1286723e+00    7.5172862e+00   -3.1742216e+00 
  4.2623340e-01   -2.1924543e+00    1.0134418e+01 
 -3.1625424e+00   -4.1713238e+00   -2.5749212e+00 
 -3.4813327e+00   -1.9450715e+00    1.0731980e+00 
  9.5003505e+00   -1.5427895e+00   -2.2113626e+00 
  5.8709838e+00    1.3288521e+01   -3.3246073e+00 
  1.3757956e+01   -8.9612380e+00   -8.5124773e+00 
  1.8313918e+00    7.5718954e+00    4.5099519e+00 
 -2.4492785e+00   -9.2288983e+00    8.5739820e+00 
  1.2860907e+00    2.1137444e+00   -3.4355831e+00 
 -2.0319290e-01    2.8424751e+00    4.3390972e+00 
  4.9041393e+00   -1.3278420e+00   -7.4660333e+00 
  7.3661773e+00   -2.5313543e+00   -2.9333757e+00 
  1.3434044e+01   -1.1378978e+00   -2.5732843e+00 
 -5.8011850e+00    1.4449526e+01    5.7516072e+00 
  9.9110306e+00    6.6582589e+00    8.5986600e+00 
  1.0639928e+01   -7.3673009e+00   -6.7589474e+00 
  3.3236064e-01   -1.2021847e+00    2.1740758e+00 
 -4.5738337e+00    1.4690043e+00    3.0513179e+00 
  9.5542830e+00   -5.0759074e+00   -6.7680791e+00 
  1.2839822e+00   -9.1501562e+00    2.8556462e+00 
 -2.9296476e+00   -4.6032409e+00   -2.5279847e+00 
 -1.7349421e+00    1.3558159e+00    6.2242731e-01 
  4.5088115e+00   -1.8818335e+00   -7.7795627e-01 
  5.7876520e-01    6.0354454e+00    4.8718046e+00 
  6.0172858e+00    2.0559542e+00    6.2072688e+00 
 -2.3350862e-01   -7.2251993e+00   -4.1164184e-02 
  3.6513954e+00   -1.5897833e+00   -2.3875272e+00 
 -3.2891284e+00    1.9809645e-02    5.3306384e+00 
 -4.6253743e+00    5.1166408e+00   -7.1218460e+00 
  7.3113317e+00    2.2262226e+00    2.5290361e+00 
  3.8342191e+00    4.5829890e+00    7.0985110e+00 
  4.2643212e+00   -3.9460052e+00    9.1231382e+00 
  9.1178582e+00    2.9993678e+00   -5.3887267e+00 
  5.0262061e+00   -2.2290426e+00    2.8577779e+00 
 -2.3085563e+00   -5.7694946e+00    3.1597811e+00 
  5.3172326e+00    3.3397171e+00   -1.2416045e+00 
  1.3040123e+01    2.1874958e+00   -1.6458287e-01 
 -5.8449522e+00   -5.9685577e+00   -8.7828283e+00 
  8.7755217e-01   -8.4046878e+00   -8.8167616e-01 
  7.8562267e+00    1.4390136e+00   -3.1646496e+00 
  5.3814753e+00    5.5274585e+00    6.8664858e+00 
 -4.2726067e+00   -7.4711162e+00    2.7868581e+00 
 -8.7675317e+00   -2.1077605e+00   -6.8473476e+00 
  4.2253132e+00    3.3004191e-01    6.2308220e+00 
 -1.7655129e+00    3.7587907e+00    9.6883658e+00 
  3.3993844e+00   -5.1455252e+00    1.3591368e+01 
 -4.0838857e+00   -4.8872748e+00   -9.2166247e+00 
 -3.5011559e+00    7.4404057e+00   -8.8128820e+00 
 -1.8737064e+00    1.9275150e+00    3.1064090e+00 
 -2.1764507e+00   -3.4829042e+00   -6.7805148e+00 
 -6.1651172e+00    2.9036400e+00   -3.3076532e+00 
  2.6782160e+00    1.3273169e+00    1.5139600e+01 
 -4.7776005e+00    3.9898957e+00    1.1280828e+01 
  1.2163431e-01    9.6988661e-02    1.9977834e+00 
 -4.5381454e+00   -2.0103512e-01    1.2074921e+01 
 -9.7989276e+00    3.0773812e+00    1.1488206e+01 
 -3.9239661e+00    3.5725675e+00    5.1956122e+00 
  2.8720312e+00    3.5210356e+00   -7.1621340e+00 
 -9.1152717e+00    7.8171856e-01   -1.1665965e+01 
 -9.0564353e+00   -4.7129418e+00   -6.3078495e+00 
 -2.9991688e+00    5.7083623e+00   -3.8860233e+00 
  6.7051643e+00   -2.8771623e+00    4.5750891e+00 
 -1.6064908e+00   -1.0687760e-01   -1.1884583e+01 
 -5.6357327e+00    9.6748736e+00    8.1021363e+00 
 -2.4509242e+00   -4.4167300e+00   -4.5883933e+00 
  4.5422745e-01    1.1094948e+00    1.0273301e+01 
 -6.8867050e+00    1.3368351e+00   -4.8668612e+00 
 -1.7356949e+00   -4.0384292e+00   -3.8075166e-01 
  5.8148391e+00   -7.5991831e+00   -5.3136689e+00 
  1.4759034e+00    3.4525216e-01   -1.3165434e+01 
 -2.5940784e+00    6.2418503e+00    1.0135141e+01 
 -9.6791013e+00    4.9444774e+00   -1.6718054e+00 
  4.9062453e+00   -7.9242940e-01    1.0452002e+01 
  6.5126934e+00   -9.7489620e+00   -4.0256456e+00 
  1.7549277e+01    5.4428399e+00   -1.4894989e+01 
 -6.7770041e+00    5.4224728e+00   -8.2558202e+00 
  1.0505815e+01    6.0369987e+00    3.7326213e+00 
 -2.6423132e+00   -5.2680913e+00    1.7355029e+00 
 -7.2431442e+00   -2.0480679e+00   -6.7303907e-01 
 -7.3228321e+00   -5.3382879e+00    6.8125370e+00 
  8.1342121e+00    8.5416240e+00   -1.3153790e+00 
  3.6963339e+00    8.5795058e+00   -9.5810360e+00 
  6.5965793e+00   -2.3293405e+00    1.0320079e+01 
  5.7069581e+00   -8.6118938e+00    2.6859157e+00 
 -5.4955079e+00   -2.0360817e-01   -7.8463445e+00 
  3.4425425e+00    1.8703367e-01   -4.3402812e+00 
  1.1086136e+00    8.8445117e+00   -5.7864521e+00 
 -6.3985860e+00   -1.0583379e+01    8.3748750e+00 
 -5.0431213e+00    8.0012497e+00    5.5381435e+00 
 -3.8717455e+00   -2.2352485e+00    2.4993026e+00 
 -4.3996839e+00   -1.2528483e+01   -1.0446038e-01 
 -9.8915275e-01   -2.1242967e+00   -1.1333169e+01 
 -8.9057995e+00    1.1104525e+01    1.2544313e+01 
  8.9195630e+00   -5.2494877e+00   -1.0497985e+01 
 -2.3077021e+00    9.7863317e-01    6.4504039e-01 
 -5.0785593e+00    2.5485094e+00   -7.7244245e+00 
 -3.4536781e+00   -4.5424102e+00   -8.3022901e+00 
 -2.6752919e+00   -7.4870139e+00    5.9588790e+00 
 -3.5674667e+00    5.8371098e+00    8.4023472e+00 
 -8.4557258e-01   -8.0797970e+00    9.0055250e+00 
  6.5862825e+00    8.0978202e+00    5.1832913e-01 
  5.7203865e+00    3.1077174e+00   -4.9329684e+00 
  9.9911729e+00    1.2205143e+01    4.6923125e+00 
  2.1969886e+00    7.6583890e-01   -4.0927425e+00 
 -8.7780324e-01   -2.1552835e+00   -4.7268579e+00 
 -1.2932344e+01   -3.6668354e+00   -9.8443716e-01 
 -3.0764446e+00   -4.7006506e+00   -4.8215405e+00 
  8.6273407e-01   -7.6325002e+00    1.8376442e+00 
  1.5507827e+00    4.1779523e+00   -3.1222462e+00 
  1.1875085e-01    4.6020499e+00   -5.9898860e+00 
  2.8049622e+00    1.4105943e+01   -5.2420052e+00 
 -4.2685599e+00    3.3577898e+00   -4.8152490e+00 
 -1.1780067e+01   -4.5204530e+00    2.9212141e+00 
  9.3035036e-01    5.6096848e+00   -1.8303626e+00 
 -3.6139650e+00   -1.3310986e+01    6.0809541e+00 
 -6.1711866e+00    9.1802811e+00   -1.0367289e+01 
 -9.8218679e+00   -4.6969769e+00   -7.7866296e-01 
  5.6476820e+00    2.4385844e+00   -2.3659708e-01 
  3.4292874e+00   -2.4674968e+00   -4.7902326e+00 
  3.4279229e+00    5.2951291e+00    4.9853065e+00 
 -6.9977908e+00   -8.5824721e+00    1.3694116e-01 
 -2.8363241e+00   -6.2643754e-01   -7.6367994e+00 
 -1.9590186e+00    1.1475390e+01    3.7828059e+00 
 -3.6327835e+00   -9.4436452e+00   -1.8626396e+00 
  1.1032721e+01   -1.4789018e+01    2.4981957e+00 
  9.0462858e+00   -1.2798114e+00   -6.4035972e+00 
 -5.0894360e+00   -2.2079658e+00   -6.9187298e+00 
  4.8042632e+00    2.1210382e+00   -2.4363659e+00 
 -2.5224968e+00    3.5731953e+00    2.2284529e+00 
 -5.3642652e+00   -5.9346671e-02   -1.0901593e+01 
  4.8468480e+00   -1.1071494e+01    1.3160101e+00 
  7.5495775e+00   -9.4104028e+00    4.7660884e+00 
 -2.4522575e+00   -1.1440501e+01    6.9406645e+00 
 -9.9709614e+00    5.6885374e-01   -1.2692176e+01 
 -1.4384157e+01   -6.8139316e-01   -2.8621145e+00 
  3.5050119e+00    4.8613162e+00   -3.5170550e+00 
  5.6817828e+00    7.5144647e+00   -2.3295895e+00 
 -7.3360375e-01   -6.0239721e+00   -3.2729415e+00 
  4.8381372e-01    4.9363560e+00   -9.3262869e+00 
 -9.7251892e+00   -1.1057200e+01    6.2939416e+00 
  9.7538905e+00    9.2715594e+00   -9.2754732e+00 
  1.3532478e+01    4.1817595e+00    7.2127369e-02 
  7.8470986e-01    5.8030561e+00    9.7726702e-01 
 -6.2536567e+00   -8.5766159e+00    5.4636893e-01 
 -3.7455573e+00    4.6681201e+00   -5.7097338e+00 
  9.0930983e+00    7.1422770e+00   -8.4588649e+00 
 -8.4596461e+00   -9.0713390e+00   -8.1453442e+00 
  8.7307335e+00    6.9585611e+00   -9.6608919e+00 
  1.6726260e+00   -3.2782422e+00   -5.4517815e+00 
  8.9568508e+00    2.3465974e+00    8.0565963e+00 
  8.5156195e+00   -2.3241366e+00    3.2176681e+00 
 -3.8167609e+00    7.4623065e+00   -4.2899310e+00 
  4.2742876e+00    3.3072154e+00   -4.3886255e+00 
 -4.6830902e+00    1.8604986e+00   -1.0724323e+01 
  8.1896597e-01    5.4422035e-01    5.7478028e+00 
 -1.5846950e+01   -6.9187399e+00   -9.9594193e+00 
  6.0905853e+00    3.1997256e+00   -4.5753871e+00 
 -9.1347906e+00   -3.5852871e+00   -5.0844259e+00 
 -6.6043915e-01   -8.4640459e+00   -3.0262273e+00 
  8.4442383e+00    7.4409446e+00    4.6974144e+00 
  4.4747725e+00    1.3074360e-01   -7.4954300e+00 
 -2.7209917e-01    7.1873669e+00   -2.6594695e+00 
  2.2223741e+00   -6.5487385e-01    2.7303487e+00 
 -7.2495887e+00    8.6280737e+00    5.0474901e+00 
  1.0152336e+00    1.3388317e+01    5.4095178e+00 
  2.6810508e+00   -2.3183548e+00   -5.2312973e+00 
 -5.0713187e+00   -2.5892343e+00   -1.5402877e+00 
 -3.0789494e+00   -6.3721670e+00   -8.8377491e+00 
  3.1058468e+00   -1.1746660e+01   -2.8322190e+00 
 -1.5805148e+01    2.5850099e+00   -1.1188125e+01 
 -1.9506501e+00    3.3971645e+00   -4.1591424e+00 
  2.4576726e+00   -5.0339091e+00    8.2089053e+00 
 -1.3048235e+01    6.9607752e+00    1.1902979e+00 
  9.7566977e+00    9.2397655e+00   -3.5609233e+00 
 -1.2233430e+01   -2.4128503e+00   -7.5376845e+00 
 -2.0577767e+00    9.1259809e+00    8.5287795e+00 
 -1.0080944e+00    5.4079728e+00   -1.0070484e+00 
  2.6064079e+00   -1.9918043e+00   -4.3357442e+00 
  6.3182162e+00   -7.1180061e+00   -1.0853007e+01 
  5.1134247e+00   -3.3419727e-01    2.6929621e+00 
 -7.3460038e-01   -2.6107763e+00   -4.2165088e+00 
  1.0107993e+00   -1.0894967e+01   -1.6222590e+00 
 -1.3845148e+00    2.9544958e+00    4.4205456e+00 
  5.0593522e+00    5.1361495e+00   -3.0569988e+00 
  5.2518856e-02    5.3874206e+00   -2.7898641e+00 
 -2.0140228e-01    6.5997273e+00   -9.6723814e+00 
  5.9143600e+00    1.1416279e+01    2.5210972e+00 
 -6.0435961e+00    4.2063624e+00    1.1902984e+01 
 -6.4461933e+00   -3.0534790e+00   -7.1545511e-02 
 -1.8000808e+00   -1.8490885e+00    8.3293564e+00 
 -3.3490487e+00   -9.7468905e+00   -3.7778673e+00 
 -6.7313674e-01   -3.0673397e+00   -5.9323556e+00 
 -1.0377117e+01    3.0267221e+00    3.5134251e+00 
 -3.8286604e+00   -1.9187760e+00    1.2901473e+01 
  6.8562747e-01   -5.1873477e+00    3.9790839e+00 
  3.5559922e+00    7.0286321e+00    7.8868323e+00 
  1.0324486e+01   -6.9874736e+00    1.1793560e+01 
 -4.9455080e+00   -2.1903469e+00    2.8441582e+00 
  2.1577631e+00    5.3417576e+00    5.0424571e+00 
  1.8537101e+00   -3.5155313e+00    1.8443005e+00 
 -6.0341906e+00    4.6685475e+00    1.0070270e+01 
  7.0571328e+00    1.0141027e+01   -1.1892024e+00 
 -3.1010822e+00    3.4778647e+00   -2.1572871e+00 
 -1.7011232e+00    4.4100014e+00    2.9864993e+00 
 -6.8013226e+00    1.0721640e+00    1.4275406e+01 
 -5.0883275e+00    4.7033214e-01    5.4098639e+00 
 -9.1558739e+00    4.5320455e+00    4.7382624e-01 
  2.0913076e+00    1.2986242e+01   -3.9842202e+00 
  6.1658123e+00    1.1425844e+01   -5.1827765e+00 
 -3.7878344e+00    3.0764885e-01   -2.1034925e-01 
 -1.1568362e+01   -3.7667623e+00    4.9616059e+00 
  2.0997039e+00   -3.3787803e+00   -4.4459412e+00 
 -2.8539371e-01    1.7354989e+01    4.1116804e+00 
 -1.4632417e+00   -6.4812169e+00   -1.1224005e+00 
  2.7850991e+00   -3.0863246e+00    1.3132742e+01 
  1.7775287e+00    9.6669564e+00   -9.7970305e+00 
  2.7529591e+00   -7.4632197e+00   -1.0644693e+01 
  5.1886022e+00   -6.7304499e-02   -5.4420169e+00 
  9.2644106e+00    2.0613469e+00   -6.9840170e+00 
  1.8786487e+00   -8.6187216e+00   -2.6890363e+00 
 -3.9948103e+00    1.6400629e+01    4.9022785e+00 
  3.4729088e+00   -5.7993976e+00    5.8051478e+00 
 -1.0128233e+01   -8.1461886e-01    1.2965863e+01 
  8.1426242e-01    3.5497173e-01    1.4565706e+00 
 -6.0637617e+00    6.2916083e+00    5.7342375e+00 
  6.7680777e+00   -1.6656064e+00    4.4143099e+00 
 -4.7397872e+00    1.1137611e-01   -1.1747990e+01 
  4.4705689e+00    8.4499743e+00   -7.8747727e+00 
 -4.3104612e+00   -7.4610877e+00   -2.5688518e+00 
 -3.9701520e+00   -2.5711018e+00   -5.6476873e+00 
  6.2924200e+00   -4.0107968e+00    7.1295291e+00 
  5.8289432e+00   -5.3053974e-01    5.3786550e+00 
 -2.8213931e+00   -3.1938962e-01    3.9491197e+00 
  7.3788897e-01   -3.6912981e+00    1.2913071e+00 
  5.1681615e+00    1.3221518e+01   -2.1882455e+00 
  8.1289282e+00   -4.8222180e+00    2.1614762e-01 
  5.4943783e-01    6.0590461e+00   -1.4093527e+01 
  5.1709922e+00    1.9416330e-01    3.8798094e+00 
 -7.2264605e+00    9.7870708e+00    4.3042994e+00 
  5.0137501e+00   -1.7381532e+00    4.0566189e+00 
  9.0779876e+00    8.0440830e+00    6.4122469e+00 
  1.2201712e-01    1.1841461e+01    1.3315972e+00 
  6.4762791e+00    8.3930677e+00   -8.9932784e+00 
  7.4048192e+00    7.1960541e+00    4.6799083e-01 
 -1.6803952e-02   -4.4490925e+00    2.4656691e+00 
  5.7248760e+00    1.1178206e+01    1.3065000e+01 
 -8.7958684e-01   -2.2146865e+00    5.2938041e+00 
  1.3482450e+01    4.0561167e-01    2.5163081e+00 
  7.4313451e+00    1.2651744e-02    2.3931408e+00 
 -3.9867895e+00    3.6802208e+00    3.8007106e+00 
 -1.3096868e+00    1.0229443e+01   -4.5726183e+00 
 -1.9745674e+00    2.2014644e+00    5.4957899e+00 
 -5.9240477e+00    7.5138808e+00    5.0668407e+00 
 -7.4531558e-01   -9.6259418e-01    2.4921499e+00 
  7.6532609e+00    1.7992909e-01    1.0858903e+01 
  8.4117556e+00    2.2439846e+00   -2.2212573e+00 
  4.4256608e+00   -3.6132340e+00   -6.7974108e+00 
 -4.6902287e-01   -2.8126304e+00    1.1176160e+01 
 -6.0564948e+00    5.5535252e+00    2.6586260e+00 
  1.1895537e+01    2.1016490e+00   -1.2350788e+01 
  1.0131149e+01   -1.0470855e+00   -2.5253187e+00 
  4.5758315e+00    4.0080851e+00   -1.1024385e+01 
 -5.8558503e+00    2.6649122e+00   -4.3986853e+00 
 -9.4857099e-01   -4.3027815e+00    5.5301821e+00 
  4.8399424e+00    2.3242917e+00   -1.0502511e+00 
 -1.5844544e+00   -6.1809637e+00    3.5893999e+00 
  2.5076364e+00   -3.2403845e+00   -5.4255684e-01 
  3.0118750e+00    1.1618786e+01    2.1816303e+00 
  1.3299156e+01   -1.0116443e+01   -4.0637329e+00 
 -2.8522943e+00    1.1931997e+01   -1.6634179e+00 
 -5.8553844e+00   -2.7145657e+00    5.6348605e+00 
 -1.3600213e+00    1.0928968e+00    4.2080792e+00 
 -4.3345361e-01    4.8432937e+00    7.4744802e+00 
  8.4091282e+00   -3.4980688e+00   -7.8524561e+00 
  4.4500934e+00    5.4037057e-01    2.5294566e+00 
  1.6066990e+01   -3.8988766e+00    3.3193306e+00 
  1.0678833e+01   -6.0389410e+00    3.3564853e+00 
 -6.8655620e+00    6.4695334e+00   -1.1774956e+01 
 -7.9119008e+00   -4.1175233e+00   -9.7547438e+00 
 -1.0284337e+01    5.5975368e-01    8.0769094e+00 
  1.5346482e+00   -6.8695894e+00    2.8917269e+00 
 -8.5707695e+00   -4.6233479e+00    3.4887087e+00 
  4.5601610e+00   -5.5673486e+00   -6.7044626e+00 
 -3.9908535e+00    8.4144092e+00   -3.5821879e+00 
  6.1050922e+00    4.0224442e+00   -5.5626840e+00 
 -1.2732887e+00    1.2025494e+01    7.5502923e+00 
 -8.3753496e+00   -1.3216532e+00   -9.5393082e+00 
 -4.3865856e-02   -3.4501509e+00    2.9734167e-01 
 -3.8869122e+00    6.9769223e+00   -4.1081149e+00 
  1.2023523e+01   -3.0794151e+00   -6.4759288e+00 
 -2.0376805e+00   -1.1182041e+00   -9.8977014e+00 
 -1.1942737e+00   -1.1479230e+01    5.8354531e+00 
  8.1188969e-02   -2.3070248e+00   -7.8662605e+00 
 -1.0091680e+01   -2.3955660e+00    4.8762046e+00 
  1.3498650e+01   -1.3224311e+00   -1.3704252e+01 
 -4.3708956e+00    1.2755142e-01   -3.0918983e+00 
 -1.2875144e+01    5.0827372e+00    6.5122529e+00 
  5.9376334e+00    3.1543177e+00    2.4274959e+00 
  2.9044599e+00   -8.5991293e+00    4.0184039e+00 
 -6.8286921e+00   -5.7986070e+00    3.4062396e+00 
 -2.9198895e+00    2.8062680e+00    1.0714452e+01 
 -1.1987903e+00   -2.4104828e+00    4.5281661e+00 
 -6.0066627e+00   -9.1434456e-01    1.4939592e+00 
  1.5358330e+01    6.0613323e-01   -7.5441238e+00 
 -1.1758343e+01    4.3435027e-03    1.1191360e+01 
  1.0363097e+01    2.6887475e+00   -1.6765269e-01 
 -1.1956825e+01   -1.2786550e+01   -4.8724763e-01 
  2.6820409e+00    2.2899761e+00   -8.3023708e+00 
 -2.2273195e-01    7.8046868e+00   -1.2167184e+01 
  7.3609304e+00    5.4873945e+00   -3.6858839e+00 
  1.8054899e+00    1.8373062e+00    1.0232215e+00 
 -4.1484028e+00   -5.4420834e+00    5.9771189e+00 
  8.2553384e+00   -1.1925881e+00    4.0672897e+00 
  1.8804195e+00    1.3218610e+00    9.3696204e+00 
  2.4487482e+00   -1.2513679e+00   -8.4167463e+00 
 -9.8132357e+00   -1.3636087e+01    5.0696596e+00 
 -5.0332396e+00    4.6072686e+00    7.6821008e+00 
  9.3511673e+00    9.2776737e+00    2.2268890e+00 
  1.0293818e+01   -7.2844361e+00   -1.3613587e+01 
  4.8066562e+00    1.3929119e+00    1.1185781e+01 
  6.6707333e+00   -3.7523739e+00   -5.7955199e+00 
 -1.1348133e+01   -4.7684847e+00    8.8413635e+00 
 -1.5897410e+00    3.0821005e+00   -2.4704635e+00 
 -2.1783845e+00   -9.2448609e-01    6.5006497e+00 
  3.7425412e+00    2.8491247e+00   -1.1259704e+01 
 -9.7240477e-01   -2.8719307e+00   -6.9052729e+00 
  4.3124885e+00    2.0745834e+00    4.2540482e+00 
 -7.5455636e+00   -5.1733052e+00    2.9663948e+00 
  2.3299867e+00    8.2818876e-01    8.8622120e+00 
 -9.4305958e-01    1.2362995e+00    6.7495533e+00 
  3.1766146e+00    2.7788400e-01    9.3322029e+00 
 -9.3613946e+00    3.3565254e+00   -2.4728257e+00 
  9.2397885e+00    4.3993109e+00   -5.6743507e+00 
  1.4002110e+00   -7.7864244e-01    4.7624667e+00 
  1.9624749e+00   -1.9277302e+00    2.9240522e+00 
 -4.0574073e+00   -3.1732493e+00   -3.0530337e+00 
 -3.0509254e-01   -3.3105839e+00   -7.2286930e+00 
  7.5520266e+00    1.0181066e+00   -5.1612251e+00 
 -1.0062355e-01    1.8606223e+00   -5.0344720e+00 
 -1.2923603e+00   -7.3868750e+00    4.7433495e+00 
  8.6529869e+00    8.1588194e+00    3.5951160e+00 
  1.5768996e-01    1.0406901e+01    2.7441081e+00 
  8.2772997e+00    8.0684123e-01   -7.9385965e+00 
  5.6074412e+00    7.3937243e-01   -2.4920950e+00 
 -1.4545903e+01   -6.2728280e-01    2.4303906e+00 
  4.9937976e+00   -6.3154532e+00    1.0761673e+01 
  5.7785090e+00   -3.0572981e+00   -2.9197399e+00 
 -5.9902599e+00   -7.0839164e+00   -5.9521377e+00 
 -1.0612670e+01    7.2933923e+00    4.1383690e+00 
  3.7794700e+00   -8.9276176e+00   -8.1989085e+00 
 -3.0723882e+00   -9.3423052e+00   -1.1486997e+00 
  5.3855880e+00   -1.0800832e+01   -2.6872783e+00 
 -3.2542413e+00   -3.3865187e+00    4.8151689e+00 
  1.2151602e+01   -1.2199707e+00   -1.3202779e+00 
  1.0297527e+01    7.2629451e-01    5.5910354e+00 
 -2.7571809e+00    5.1044220e+00   -2.2464035e+00 
  6.1764549e+00   -2.2738584e+00   -1.5609237e+00 
  1.4172927e+00    5.3867687e+00    6.7038228e+00 
 -6.5399918e+00    2.0838719e-02   -4.3482773e+00 
 -4.7720110e+00   -7.8799780e+00    7.3830610e-01 
 -7.7954231e-01   -1.0687811e+00    2.6110662e+00 
  1.1822118e+01    4.4127963e+00    2.0757416e+00 
  1.1850549e+01    2.1968275e+00    4.8900134e+00 
  3.1699352e+00   -2.0028280e+00   -3.1070040e+00 
  7.8771733e+00    4.2158391e+00    5.0508411e+00 
 -9.5614751e+00    3.5782149e+00   -4.0272515e+00 
  8.4557278e-01   -5.2902627e+00    7.4387071e+00 
  3.2340095e+00    1.5424111e+01   -1.2521236e+01 
  9.6250900e+00    3.5658166e+00   -2.5638111e+00 
  5.2232542e+00   -3.7651886e+00   -1.7290841e+00 
  2.2928033e+00   -8.4930188e-01   -3.9918596e+00 
  1.0198757e+01   -7.9391589e+00    1.2862929e+01 
  2.0769027e-01   -1.1185373e+01   -2.8456851e+00 
  1.4326137e+00   -5.4524906e+00   -6.6622339e-01 
 -3.9138613e+00    1.3806266e+01   -5.6183867e+00 
  2.6418598e+00    2.7549607e+00   -5.4007300e+00 
  7.6521342e+00    9.4951650e+00   -1.1846827e+00 
  6.1351497e+00   -7.7185350e+00    3.5700432e-01 
 -1.3470879e+01   -1.6865652e+00   -6.8223571e-01 
 -4.4171784e+00    1.3480522e+01    2.9672088e+00 
 -6.1476614e+00   -1.0996423e+01    7.1278424e-01 
  3.7753590e-02   -3.4593556e+00    4.0257180e+00 
  7.2275635e+00    7.2479429e-01   -7.6059738e+00 
 -2.1722532e+00   -1.3034189e+01   -6.9378275e+00 
  4.1280128e+00   -1.1175300e+01    5.3448628e+00 
 -2.4586202e+00    6.7042151e+00   -7.3173974e+00 
 -7.0549808e+00   -1.1935372e+00   -4.1577824e-01 
 -1.8192988e+00    6.6065460e+00    6.5734695e+00 
  8.9993940e+00   -2.0944690e+00    3.2228510e+00 
 -6.2692585e-01   -1.0697757e+01   -6.0120497e+00 
  9.5109453e+00   -5.1159482e+00   -1.0074922e+01 
 -2.7540970e+00    5.5551209e+00    1.2472093e+00 
 -6.4888366e+00    4.0389633e+00    4.9537057e-01 
  4.0086817e+00    7.0373632e+00   -7.2122979e+00 
 -4.9755812e+00   -2.2368097e+00   -2.6545029e+00 
  2.7384007e+00   -3.1872556e+00   -5.9717631e+00 
 -1.0232546e+01   -4.5792640e+00   -6.1877769e+00 
 -3.0251938e+00    5.3147155e-01   -5.6681899e-01 
 -5.1447895e+00    4.7110489e+00    7.1081514e-01 
  1.0972466e+01   -2.5353217e+00    9.2114412e-01 
  5.4422592e+00   -1.3859115e-01   -8.8676757e+00 
  4.2378455e+00    1.3248004e+01   -7.4757983e-01 
 -1.3189677e+00    3.7929417e+00    6.1934431e+00 
  8.1774514e+00   -1.9190691e+00   -1.0692184e+00 
  2.4006664e+00    6.0924828e+00   -8.6417991e+00 
  2.3865227e+00   -6.6293592e+00    3.5081830e+00 
 -6.6205232e+00    5.8513145e+00    7.1808307e-01 
 -7.4025094e+00    8.2190150e+00   -1.9210929e-01 
 -9.2340425e+00   -2.8888136e+00    3.2657969e-01 
 -1.5048485e+01    8.0065682e+00    5.2199317e+00 
 -5.9855497e+00   -1.1827752e+01    6.9328915e+00 
  1.2875695e+00    4.4035008e+00    2.9147710e+00 
 -1.6765381e+00    4.1544017e+00   -9.0737421e+00 
 -9.3160617e+00   -7.0850885e-01   -1.3853875e+01 
  1.9239092e+00   -1.5620864e+01   -5.4429468e+00 
 -8.4556494e+00   -1.4803935e+01    1.0273582e+01 
 -4.6144527e+00   -2.8837366e+00    3.9587978e+00 
  3.1026744e+00    1.0566943e-02   -6.5613172e+00 
 -7.1387234e+00    3.1744101e+00   -7.9402701e+00 
  2.1172507e-01   -7.0971883e+00    2.2125893e+00 
  2.2917843e-02   -1.1981081e+01    3.5877151e+00 
  3.5404198e+00    5.4766511e+00    7.3175581e+00 
  8.0953953e-01    9.4110974e+00    1.3623564e+01 
  7.7080992e+00   -2.0989264e+00   -7.3619264e+00 
 -8.7118942e+00   -9.3256954e-01    4.7233111e+00 
 -2.8081818e+00    8.8132660e+00    2.0403186e+00 
  2.5636201e-01    3.9010391e+00    4.9046349e-01 
  4.1547034e+00   -3.7831942e+00   -2.0788286e+00 
 -2.3232789e+00    2.4726726e+00    4.7962827e-01 
 -2.5456631e+00   -2.8662677e+00    4.7499755e+00 
  6.0669811e-01   -1.3783715e+00    8.8680702e+00 
 -4.9632924e-01   -6.6470626e+00   -6.4510266e+00 
  1.8790837e+00   -1.7214978e+00    5.5804061e+00 
  1.2800695e+01   -1.1004921e-01   -6.2509580e-01 
 -3.7424811e+00   -1.7276857e+01   -4.5623084e+00 
 -5.5316322e+00    2.9396239e+00   -6.1480621e+00 
  1.8416872e+00   -2.9893744e+00   -2.8403555e-01 
  7.6546800e+00   -6.1429834e+00    1.0408169e+01 
 -1.8081441e+00    1.2343635e+01    5.0417692e+00 
  4.7976557e+00    2.5209620e+00    1.9778787e+00 
 -1.1779373e+01   -4.8187421e+00   -1.0312964e+01 
  1.0984237e+00    1.5576083e+00   -6.7173267e+00 
  2.3272271e+00   -5.4102860e+00    7.8297932e+00 
  9.5154932e+00    8.6677150e-01   -2.2162023e+00 
  1.8854321e-01   -5.0826950e+00    2.2389430e+00 
  1.2794058e+01   -3.6274549e+00    1.1925792e+01 
 -6.0757253e+00    1.2066336e+00   -1.5772255e+00 
  3.9352524e+00   -7.9322982e-01   -7.4174353e+00 
 -1.9452385e+01   -3.9286160e+00    8.0949044e+00 
  8.3494677e-01    1.9789883e+00   -1.1310857e+00 
  4.1468134e+00    2.7978813e+00    2.6181017e+00 
  1.0828798e+01    3.8320423e+00   -1.0056113e+01 
 -1.0724183e+01   -7.3567271e+00    5.8110780e+00 
 -2.5887591e+00    6.6806971e-01    5.7046641e+00 
 -4.6014375e+00   -5.6758024e-01   -5.8221897e+00 
 -8.1929989e+00   -2.7215493e-01   -1.1234946e+00 
 -1.3587657e+00   -1.6816055e+00    5.8663023e+00 
  5.4635668e+00   -2.1378935e+00   -9.0645428e-01 
 -3.0476950e-01   -8.3391032e-01    5.4458869e+00 
 -3.9460968e+00    1.6618784e+00   -4.9832210e+00 
  4.8265715e+00    4.1429398e+00   -8.1707665e+00 
  6.0390579e+00    1.4186500e+00    7.0730539e+00 
  4.4446437e+00   -1.6345681e+01    2.5411345e+00 
  7.3962966e-02   -4.3835572e+00    1.8535112e+00 
 -2.6546546e-01    9.7116843e-01    3.5767494e+00 
  8.9089275e+00    3.9450339e+00   -1.2649409e+00 
 -6.5647364e+00   -2.8652138e+00    3.3777527e+00 
 -8.6533211e-02    1.7392555e+00    2.5057501e+00 
 -8.6839346e+00    4.2879805e+00    2.0987622e+00 
 -2.2773328e+00   -7.7622871e+00    5.5897187e+00 
 -4.1754095e+00   -7.8942067e+00    6.6242209e+00 
  7.8985821e+00    1.7009977e+00   -9.0912120e+00 
  9.3318995e-01   -6.9068692e-01   -4.2351995e+00 
 -2.0364946e+00   -1.9085373e+00   -1.9734937e+00 
 -9.3997940e+00   -8.2131345e-01    8.3884299e+00 
 -5.0467367e+00   -5.5908056e+00    1.8635325e-01 
 -1.1734193e+00    4.8205756e+00   -7.8258958e-01 
  1.2913946e+00   -3.5652928e+00    1.0879931e+01 
 -1.9349795e+00   -4.4633622e+00   -5.7299252e-01 
 -1.4035053e+00    9.0708452e+00   -7.6962699e+00 
 -1.5497046e+00    7.8807192e-02    6.0367452e+00 
 -1.1489137e+01   -1.0313316e+00    5.1851148e+00 
  1.1032337e+01    5.4110858e+00    3.5088875e+00 
  1.3867938e+00   -3.0921620e+00   -8.0991610e+00 
  5.4601326e+00   -1.0690035e+01    5.0016260e+00 
 -4.2541897e+00    7.3924353e+00   -4.9925462e-02 
  9.3185149e-01   -8.1342321e+00    8.6970034e-01 
  2.4187458e+00   -8.0978535e+00   -3.9331326e+00 
 -6.3743726e+00   -7.0030611e+00    2.9383114e+00 
  7.2260334e+00    3.1938730e+00   -2.6020802e-01 
  8.0250033e+00    1.9136654e+00   -1.1163369e+01 
  6.9230709e+00    4.2251304e+00    6.2131144e+00 
 -3.6353634e+00   -8.0379508e+00    6.4536597e+00 
 -1.0292471e+01   -7.5141036e+00    1.4655447e+01 
  1.6071901e+00   -6.8185052e+00   -1.4382806e+01 
  9.1985233e+00    4.2035009e+00   -1.5004904e+00 
 -1.9720740e+00   -2.5624343e+00    1.0980268e+01 
  4.4135186e+00   -4.4143489e+00    1.2417219e+00 
  1.7289959e-01   -1.2989510e+01   -5.8007143e+00 
 -4.7265867e+00    5.5234870e+00   -1.9573395e+00 
 -9.7196324e+00   -3.7997680e+00    6.4129100e+00 
  4.0851636e+00   -8.9429541e+00    1.5042938e+00 
 -3.2113116e+00    3.3816816e+00    8.2184978e+00 
  1.1865374e+00    4.8165156e+00   -1.2456621e+00 
  1.4841155e-01    3.0737106e+00   -1.5679538e+00 
 -3.2345064e+00   -2.0200786e-01    2.3551718e+00 
  2.9293417e+00   -6.7294994e+00   -2.7177448e+00 
 -8.9060500e+00   -1.7047966e+00    2.8856740e+00 
 -5.0917295e+00   -6.0167892e+00   -2.6460218e+00 
 -1.1930139e+01    1.1648118e+01   -1.1002636e+01 
 -1.2320704e+01   -1.3336892e+00   -4.5088844e+00 
 -5.3764911e+00   -1.3390714e+01    2.7431032e+00 
  3.0849834e+00    3.8918502e+00   -8.1348835e+00 
 -1.9383675e+00   -2.5185811e+00   -1.7795267e+00 
 -4.1901702e+00   -1.0902794e+00    6.7846377e-01 
 -2.3000673e+00    2.0910146e+01   -6.3336078e+00 
  4.1612835e+00    8.5352758e+00    1.3573280e-02 
  4.1820539e+00    2.1213544e+00    8.8821697e+00 
  1.5974145e+00   -9.1434650e+00    3.4837719e+00 
  6.4132619e-01   -7.1738918e+00   -4.8448337e+00 
  1.4595713e-01    1.1048069e+01    8.7187369e+00 
  6.7792467e+00    2.8544909e-01    9.8170664e+00 
 -8.3598806e+00    4.8958983e+00    4.1244425e+00 
 -2.4863228e+00   -6.9277538e+00   -3.2125272e+00 
 -4.8489679e+00   -1.3987501e+01   -7.2295186e+00 
 -5.0655046e+00    6.2381427e-02    4.0976479e+00 
  7.0874088e+00    3.6074827e+00   -5.0030229e+00 
  4.2248059e+00    5.9733934e+00   -7.3595158e-01 
  5.2326938e-01    4.9189662e+00    7.4460772e+00 
  5.3828754e+00   -1.6020612e+00    3.0239147e+00 
 -3.1400830e+00   -2.6644854e+00    6.8354020e+00 
  5.5544226e+00    4.4081398e+00    1.2277736e+01 
 -2.3354383e+00   -1.4232983e+00    5.0187422e+00 
 -1.3334292e+01   -7.7639596e+00   -5.6348702e+00 
  5.6499863e+00   -3.5809634e+00    1.2375107e+00 
  3.7717341e+00   -3.0884861e+00   -6.3819879e+00 
  4.3703598e+00    2.8092828e+00   -3.2122210e-01 
 -6.4816859e+00   -4.8032691e+00   -1.0735252e+01 
  7.7406582e+00   -2.6310986e+00    9.7496497e-01 
 -6.8652413e+00   -1.9909868e+00    1.5757774e+00 
 -9.0461223e+00   -6.2872691e+00    3.0121454e+00 
  7.3333059e-01    2.8531717e+00   -5.5543824e-01 
  1.3609292e+01   -1.0675765e-01   -9.4413811e+00 
  1.4348319e+00   -4.2754041e+00   -3.2954940e+00 
  2.3039426e+00    7.5054652e+00    5.3213958e-01 
  7.2277131e+00   -4.8299612e-01   -8.4113598e+00 
 -1.8789868e+00   -3.3921930e+00    3.1194228e+00 
  5.1198837e+00    8.5945411e-01    1.6312851e+00 
  1.0247668e+01   -4.2060148e+00    5.9880470e+00 
  1.3332227e-01   -3.4396474e+00   -5.5987896e+00 
 -3.1371528e+00    5.3191180e+00   -1.9601081e+00 
  7.8751732e+00   -1.2453385e+00    7.3122072e+00 
  5.0753101e+00    6.0650610e+00    6.1631182e-01 
 -4.3476158e+00   -1.7865180e+00    1.6533752e+00 
  1.7508235e+00   -2.5672996e+00    4.8914773e-02 
  1.8980611e+00   -2.8230460e+00    2.2448038e+00 
  4.1125012e+00    5.9880684e+00   -7.6838027e+00 
 -3.6595796e+00   -1.3589590e+00    1.0397638e+01 
 -2.8520261e+00   -8.0706313e+00    1.4533856e+01 
 -1.0722876e+01   -3.6429227e+00   -4.1023155e+00 
  3.0384889e+00    5.6787626e+00   -5.1807384e-01 
  3.4119642e+00   -2.3668224e+00   -2.0170864e+00 
  5.1430414e+00   -9.8052161e+00   -4.8525651e+00 
  1.2022156e+00   -6.0657884e+00    4.7388300e+00 
  8.7644549e-02   -7.7942805e+00   -1.8211784e+00 
 -3.7205653e-01    5.0836913e+00    8.3270230e+00 
 -1.2091930e+01   -9.3887669e+00   -3.2065206e+00 
 -1.9863997e+00   -2.0609607e+00    1.4190934e+00 
 -8.7006099e-01   -4.0581160e+00   -1.0995912e+01 
  1.1124651e+01   -4.4707697e-01   -3.3169934e+00 
  3.8653357e+00    7.9683337e+00   -4.3165235e+00 
  6.4938624e-01   -2.6975665e+00    9.3038132e+00 
 -7.7201103e+00    2.1688836e+00   -7.1195430e-01 
 -1.9281703e+00   -5.2934737e-02   -5.1048447e+00 
  3.3021336e-01   -8.3179202e+00    5.0674835e+00 
 -8.8386178e+00   -1.9414846e+01   -6.8100592e+00 
  1.2464515e+01    5.9654083e+00    8.8627193e-01 
 -6.4215069e+00   -6.3602461e+00    9.6136551e+00 
 -2.0277746e+00    1.2986183e+00    1.7864516e+00 
 -9.6595360e+00    4.5701491e+00   -9.5903050e-01 
 -1.3579897e+00   -5.0984830e+00   -9.0521696e+00 
  1.9919316e+00    3.6739900e-01    5.8181000e+00 
  1.5048461e+01   -4.6138158e-01    1.0446643e+01 
 -3.2300814e+00   -1.1395975e+01    3.3229513e+00 
 -1.0617650e+01   -2.0794930e+00    6.4909535e+00 
  3.4748332e+00    8.8104284e+00    3.0810750e+00 
  7.8950175e-01   -1.8798043e+00    3.6228519e+00 
 -9.1493063e-01   -8.2543104e+00    3.4327066e+00 
  5.9991847e+00    4.0623303e+00   -5.5990115e+00 
  1.1881480e+01    1.7661446e-01    1.0262530e+01 
 -1.5618062e+00   -9.7084421e+00    2.6820265e+00 
  2.4809181e-01   -9.0862725e+00    3.1638198e+00 
  9.1849021e+00   -3.9750990e+00    3.2166440e+00 
  7.3423387e+00    1.2153625e+00    9.5659595e+00 
  1.3887527e+01   -1.9520886e+00    5.6074509e+00 
  6.7937364e+00   -6.6853165e-02   -4.9205377e-01 
 -1.5422681e+00   -1.0132675e+01    1.6276844e+00 
  5.9935658e+00   -2.9275333e+00   -7.1748034e+00 
 -3.9992625e+00   -1.0981284e+01   -2.4693007e+00 
 -3.7664524e+00   -1.0891565e+01    2.7932601e+00 
 -1.5697353e+01   -1.1118283e+01   -5.6502251e+00 
 -7.4303960e+00    7.9223177e+00   -7.4036740e+00 
  7.5718526e+00   -8.8927534e-01    2.5707666e+00 
  7.2480943e+00   -5.9360869e+00    8.5017506e-01 
  8.1184799e+00    3.3283357e+00    3.8429356e+00 
  6.2628923e+00   -7.0915863e+00    3.4243307e+00 
  6.3968580e+00   -4.5257177e+00    3.5755247e+00 
  2.9810866e-01    3.0558574e+00   -3.0150933e+00 
  1.5907046e+00   -5.7020768e+00    6.9528254e+00 
 -5.2030366e+00    8.1335114e+00    3.4376442e-01 
 -1.0324829e+01   -3.8688698e+00   -5.4950296e-01 
 -7.2885357e+00    5.8474934e+00   -1.7205057e+00 
 -2.8121134e+00    1.2352303e+00   -5.0504755e+00 
  6.6408142e+00   -2.9082278e+00    4.6524749e+00 
 -2.2391025e+00    1.0208986e+01    3.5627652e+00 
  1.2809927e-01    4.6213510e+00    2.2397728e-01 
 -1.1621649e+01    1.4830442e+01   -5.1076142e+00 
  3.2911136e+00   -4.4600943e+00    1.6560709e+00 
 -2.8001255e+00    2.5542483e+00   -6.3677831e-01 
  2.7574572e-01    5.9669435e+00   -1.2169935e+01 
 -3.7849486e+00    1.1874229e+01   -5.8291403e+00 
 -6.4783245e+00    3.7572584e+00    5.1410986e+00 
 -5.0039005e+00    9.0521093e-03    8.2576351e+00 
 -2.9918122e+00    4.4369587e-02   -6.6099066e+00 
 -6.3365592e+00   -9.8814912e-01   -8.9261524e+00 
 -1.0400701e+00    6.0897661e+00   -8.2644720e+00 
  8.3870735e-01   -6.7796807e-01   -2.9674766e+00 
  7.1136976e-01    4.1729329e+00    2.7593055e+00 
  5.5331450e+00   -1.5136370e+00    8.0960838e+00 
 -7.5860755e+00   -3.2063572e+00   -2.3965994e+00 
 -9.7576040e+00   -5.2135257e-02   -8.4319016e+00 
 -6.6299595e+00    3.4569136e+00   -6.2629195e+00 
  1.2577661e+01   -7.0123708e+00    1.2173353e+01 
 -2.8289745e+00   -3.9737168e+00   -4.8567195e+00 
 -1.0312671e+00    1.5876556e+00    7.9743564e+00 
  4.9602798e+00   -5.6426148e+00   -5.8973612e+00 
  4.7800609e+00   -1.8815738e-01    1.9478259e-01 
  2.1796779e+00   -5.8946825e+00    4.3779794e-01 
 -1.0195091e+01    3.3619205e+00    9.1305141e+00 
  8.4913173e+00   -6.9065393e+00    2.3164441e+00 
  2.7304933e+00   -1.7878251e+01   -2.4717436e-01 
 -7.5983861e+00    6.6414762e+00   -1.5757034e+00 
 -1.1325912e+01   -4.1427491e-01    1.2018129e+00 
 -1.0035833e+00    9.1157991e-01    4.3167474e+00 
  3.0302077e+00   -4.2574077e+00    3.4329090e+00 
 -5.2501012e+00   -1.6835465e+01   -4.7485412e+00 
 -3.5786050e+00   -4.8128135e+00   -1.2357760e+00 
 -2.0264287e+00    7.8346756e-01    1.0358551e+01 
 -2.7193953e+00   -1.2912245e+01    3.3464674e+00 
 -4.6956904e+00   -4.7832713e+00    5.2815737e-01 
  4.9522780e+00   -6.4540727e+00    1.1511495e+01 
 -6.3924436e+00   -4.1201332e+00    7.2617591e+00 
 -1.1276744e+01   -5.1329055e+00    2.1027672e+00 
  4.5866695e-01   -6.4214878e+00    5.1114412e+00 
  4.6212202e-01   -9.3476040e+00   -3.5761884e+00 
  9.1831438e+00   -1.7843264e+01    1.5770141e+00 
  3.3031611e+00   -3.1908941e+00   -2.1122369e+00 
  3.3384346e+00   -8.3278976e+00    1.1315269e+01 
 -2.0818608e-02   -1.4549333e+00   -1.6674663e-01 
 -5.2044607e+00    1.1364846e-01    9.9665009e+00 
  2.1734069e+00   -6.3683607e+00    6.5900876e-01 
  7.8246127e-01   -2.6101023e+00    2.1620044e+00 
 -5.6913281e+00    3.4246543e+00   -3.3382819e+00 
  7.6621394e+00   -6.3907548e+00   -4.8719343e-01 
 -1.5025773e+00    5.2130116e+00   -3.5460806e+00 
  1.2871815e+00   -1.1282529e+01   -5.8387476e+00 
 -2.2587021e+00    2.9168047e+00    1.3063449e+00 
  9.0134167e+00   -5.0013067e+00    1.0473196e+00 
  1.6674991e+01   -1.4008960e+01   -1.3028594e+00 
 -2.4392224e+00   -6.3186211e+00    9.4317025e+00 
 -1.9327325e+00   -8.6611700e+00   -8.7130392e-01 
 -6.6222884e+00   -4.0866119e+00   -3.0807547e+00 
  2.9384404e+00   -2.9508605e+00   -9.9608908e-01 
 -2.0990415e-01   -3.1404986e+00   -1.4928154e+01 
 -8.6341160e+00   -1.8087427e+00   -1.1809564e+00 
  2.2488036e+00   -1.8504466e+00    3.4799555e-01 
  1.3441510e+00    1.2056174e+01    9.6701024e+00 
 -2.0319534e+01   -2.0593182e+00   -4.4044404e+00 
  1.5439582e+00    8.4674999e+00    1.5216224e+00 
 -9.3983106e+00    1.0745819e+00   -6.8664931e+00 
 -1.1135792e+01    3.7025863e+00    7.1896767e+00 
  6.8138936e+00    8.3715449e+00   -5.4360151e+00 
