-1109.85078887
-1109.90888038
-1109.71553294
-1109.72581249
-1109.56994359
-1109.69810615
-1109.77184408
-1109.62344923
-1109.77065817
-1109.76753773
-1109.61566498
-1109.73973719
-1109.87573655
-1109.77021971
-1109.72884511
-1109.65074122
-1109.68944483
-1109.75821641
-1109.62707866
-1109.76563125
-1109.70780397
-1109.49061083
-1109.65128727
-1109.63740021
-1109.68998041
-1109.63119739
-1109.83794228
-1109.77310731
-1109.58152089
-1109.57197565
-1109.59204830
-1109.84067728
-1109.89184728
-1109.49731187
-1109.68252777
-1109.79609029
-1109.86460340
-1109.67120697
-1109.68253219
-1109.92479254
-1109.88859493
-1109.66909913
-1109.65626799
-1109.74645891
-1109.70159027
-1109.57484304
-1109.74419404
-1109.72687567
-1109.89186780
-1109.68401970
-1109.67866653
-1109.78546458
-1109.70353525
-1109.87600122
-1109.63000783
-1109.62571965
-1109.69950625
-1109.74886486
-1109.66771322
-1109.72836653
-1109.72940717
-1109.83180869
-1109.84288245
-1109.77301258
-1109.65295459
-1109.75966972
-1109.84860952
-1109.69904109
-1109.46117587
-1109.60662837
-1109.88289685
-1109.51070812
-1109.72573567
-1109.66398996
-1109.79193335
-1109.84391891
-1109.73472111
-1109.64983318
-1109.60307777
-1109.72034877
-1109.79695828
-1109.63454351
-1109.78276699
-1109.79437582
-1109.87651466
-1109.82929117
-1109.71055734
-1109.62413158
-1109.83445433
-1109.59632786
-1109.88565250
-1109.70132597
-1109.88406016
-1109.76800469
-1109.82301033
-1109.78349694
-1109.78282465
-1109.77527025
-1109.66604213
-1109.60285152
-1109.45917152
-1109.82016189
-1109.64408017
-1109.67292895
-1109.80825942
-1109.75733255
-1109.84305131
-1109.70144095
-1109.90715608
-1109.76042350
-1109.77442230
-1109.59079214
-1109.59379549
-1109.81499577
-1109.78922750
-1109.91966664
-1109.60806248
-1109.51625179
-1109.98029200
-1109.69394370
-1109.79786314
-1109.73739539
-1109.78943388
-1109.80103147
-1109.70268936
-1109.54395607
-1109.73377912
-1109.56595003
-1109.69500494
-1109.87693526
-1109.82115257
-1109.63081326
-1109.71177440
-1109.72593277
-1109.84189388
-1109.79597290
-1109.88860674
-1109.82065022
-1109.79244070
-1109.61928343
-1109.53338427
-1109.81855401
-1109.80361877
-1109.81244847
-1109.71411342
-1109.70567843
-1109.71085609
-1109.50999386
-1109.89311873
-1109.64077323
-1109.87157919
-1109.59902025
-1109.79958433
-1109.32062047
-1109.86521355
-1109.72636817
-1109.93274906
-1109.89270799
-1109.76671897
-1109.67333983
-1109.56997984
-1109.70701412
-1109.78695202
-1109.89062174
-1109.60875928
-1109.81114803
-1109.77249770
-1109.71668579
-1109.62104659
-1109.71778005
-1109.54867672
-1109.84906921
-1109.73593436
-1109.64445115
-1109.71880903
-1109.70948446
-1109.78847392
-1109.62856666
-1109.70806134
-1109.55878069
-1109.92812363
-1109.86202520
-1109.57628497
-1109.78662579
-1109.77605043
-1109.87009369
-1109.72024082
-1109.65093997
-1109.68106501
-1109.59765917
-1109.78142594
-1109.51144159
-1109.86261905
-1109.76513732
-1109.64116302
-1109.63507264
-1109.60084605
-1109.87191805
-1109.97158543
-1109.71852513
-1109.66737374
-1109.84896983
-1109.92640649
-1109.64133995
-1109.66879883
-1109.66293679
-1109.72266559
-1109.88684509
-1109.70056596
-1109.51345414
-1109.69023873
-1109.67918368
-1109.84221921
-1109.71660795
-1109.63087594
-1109.71335884
-1109.73917772
-1109.78961184
-1109.78165795
-1109.81436753
-1109.75455156
-1109.73219898
-1109.79515244
-1109.64354012
-1109.56827200
-1109.87292769
-1109.61067468
-1109.68264683
-1109.81355926
-1109.74566510
-1109.79212492
-1109.81417714
-1109.76806672
-1109.68595114
-1109.95131915
-1109.74996843
-1109.65667170
-1109.85833846
-1109.79282436
-1109.52542529
-1109.88453956
-1109.85160340
-1109.68099251
-1109.61475978
-1109.58619523
-1109.44248793
-1109.99385230
-1109.79734256
-1109.81334472
-1109.70364475
-1109.80820255
-1109.72959360
-1109.77455365
-1109.67651453
-1109.46565170
-1109.70754563
-1109.73699156
-1109.59169223
-1109.82729966
-1109.85101732
-1109.79084402
-1109.59181517
-1109.66201046
-1109.57620585
-1109.75840792
-1109.56418700
-1109.61788999
-1109.72121294
-1109.82627939
-1109.67699361
-1109.76778757
-1109.67258706
-1109.72982498
-1109.88578557
-1109.78958439
-1109.69800267
-1109.86583477
-1109.44506113
-1109.64073798
-1109.80510529
-1109.81244411
-1109.66485581
-1109.53744878
-1109.64047033
-1109.70767996
-1109.59640083
-1109.66318611
-1109.68231519
-1109.88094579
-1109.79170549
-1109.92715765
-1109.57219234
-1109.66708981
-1109.79096314
-1109.57366550
-1109.72702760
-1109.55701837
-1109.73061496
-1109.68475556
-1109.69290854
-1109.48886096
-1109.67067733
-1109.80584817
-1109.82216159
-1109.65826337
-1109.77162260
-1109.70754082
-1109.57484149
-1109.81956506
-1109.54709965
-1109.78602604
-1109.58102526
-1109.92382384
-1109.66180253
-1109.76206434
-1109.81933736
-1109.71459439
-1109.69552876
-1109.68453327
-1109.68154188
-1109.57344273
-1109.79150713
-1109.69530355
-1109.79609486
-1109.57552974
-1109.77409146
-1109.88122366
-1109.61292827
-1109.74288003
-1109.44387485
-1109.87803209
-1109.81845021
-1109.66026185
-1109.75867442
-1109.66881904
-1109.78353661
-1109.72434289
-1109.63426631
-1109.81797191
-1109.81100311
-1109.80024842
-1109.61213538
-1109.62299855
-1109.74978347
-1109.66133120
-1109.77968032
-1109.79829485
-1109.72522213
-1109.95227920
-1109.69052051
-1109.66321840
-1109.65855650
-1109.87962999
-1109.81212104
-1109.84520670
-1109.88289114
-1109.58119313
-1109.62075952
-1109.72351733
-1109.81399296
-1109.87965961
-1109.73819941
-1109.41098714
-1109.83301246
-1109.59970324
-1109.74816066
-1109.79191798
-1109.74960994
-1109.84603124
-1109.72275311
-1109.60142843
-1109.76337542
-1109.68168858
-1109.81401485
-1109.70968461
-1109.52949884
-1109.92827768
-1109.72286840
-1109.77760612
-1109.65291420
-1109.87308146
-1109.77218505
-1109.77178996
-1109.43243651
-1109.66681303
-1109.65421023
-1109.73361645
-1109.72772371
-1109.67098748
-1109.62142543
-1109.58036778
-1109.86222995
-1109.45514270
-1109.89997962
-1109.79920545
-1109.71936195
-1109.79962437
-1109.76854410
-1109.98958738
-1109.74557156
