1.91562224745 0.0064998554906 0.00898210073512 0.00660149373411 1.88144885814 0.0181332638683 0.00915659028938 0.0185176952089 1.91080321802
1.72930997428 -0.0084741515976 0.003736939386 -0.00839925760049 1.74945300665 -0.0222946234517 0.00351977427032 -0.0221429876765 1.73062086588
1.7778577872 0.00927937429445 -0.00936464060974 0.00918042383309 1.84006129728 -0.0178370838261 -0.00931082605793 -0.0172407816931 1.77029204158
1.7823590426 -0.0132498282294 0.0134674848682 -0.0130785667519 1.79565400299 -0.00929482287065 0.0135182886107 -0.00900489235892 1.80556253304
1.69200662414 0.0140908954153 -0.00115141942751 0.0142292131138 1.68374938858 -0.00849112737336 -0.00125924274068 -0.0084310902331 1.70094296756
1.85961782932 -0.00601675826642 -0.00221606968327 -0.00577225545986 1.8976958256 0.00930904950386 -0.0022615999403 0.00946604897869 1.84973999456
1.8559859387 -0.00581590367647 0.0247126533952 -0.00544119399914 1.82099642766 -0.0156271143116 0.0246136535571 -0.015630987109 1.82838494263
1.92320441939 -0.0242508805639 -0.0181750037388 -0.0238904412294 1.91401374452 -3.23415066813e-05 -0.0183919367624 -7.38012517451e-05 1.91799590419
1.8411393056 0.00419226535567 -0.0072387068632 0.00456057498017 1.8523327006 -0.00193141924476 -0.00727849314086 -0.00156668161826 1.84794612312
1.82581557396 0.00174856283696 -0.0193065239298 0.00192338058144 1.84361871169 0.0123500559248 -0.0191172129567 0.0127178345109 1.84130932844
1.79097205613 -0.00303394431219 -0.00597447117106 -0.00286852052793 1.81902605794 0.00208058384126 -0.00615014504759 0.00228527515302 1.8187889238
1.77271441437 -0.0143941142904 0.00135453447951 -0.0142910605423 1.79274937945 -0.0124256316348 0.0012332173184 -0.0120689564258 1.77750091019
1.85216571114 0.00773739323042 0.0262625358299 0.00827330491583 1.87443766393 0.0106973493721 0.0263763456331 0.0106825802713 1.8454336119
1.84678169393 -0.0118317659407 3.4999749464e-05 -0.0116636492619 1.86534358712 -0.0160637444307 4.15798478833e-05 -0.0157437725363 1.88381686257
1.78704870911 0.00696698257691 0.00184637378317 0.00731811873109 1.79568336724 0.00938646333646 0.00186430967239 0.00955252728574 1.79757935461
1.79553804727 0.0144949206492 -0.0118440105452 0.014886720531 1.80590403147 0.0153357276101 -0.0120658432333 0.0152855092117 1.82657754519
1.80055304476 0.000668681281563 -0.0166591253374 0.000694304099617 1.8164061334 -0.0368700898217 -0.017024796169 -0.0366205980821 1.81342478493
1.74142301068 0.0092427117232 0.00599564027188 0.00953845883869 1.74509444789 -0.0053611618892 0.0060084426577 -0.0054183564747 1.80070967504
1.91358935836 0.00911609565504 -0.00149552423222 0.00920474903759 1.88979483773 0.00286411231508 -0.00149304395168 0.00305202975184 1.90501869745
1.81913908974 -0.00648870291101 -0.0038615493269 -0.00645063504366 1.81104067828 -0.00103501429318 -0.00388135190171 -0.000726833006822 1.81021894163
1.77936478637 0.00056441245778 0.0179736525238 0.000957412334291 1.77079665579 0.0156409916183 0.0180555198284 0.0158501794292 1.77389490955
1.88571982682 -0.0178157790021 0.0139493401311 -0.0177819794744 1.88760432447 -0.0045329567061 0.0138052435186 -0.00437245808351 1.8653259537
1.77203609706 -0.00991645979092 -0.00585815611573 -0.00967460084892 1.79125911516 -0.00192881987853 -0.00565484083261 -0.00152269971214 1.76924727546
1.81708312544 -0.00964324166043 0.00364616279595 -0.0094694120217 1.80776115542 -0.00361973036385 0.00356343125841 -0.00339260972166 1.81066122297
1.79663246787 0.00138700730953 -0.00515712818353 0.00146452788501 1.80479922642 0.0020313719217 -0.00514966729169 0.00238540953728 1.77459558714
1.80663903874 -0.00492530049027 0.00765746137839 -0.00489840741401 1.80260836189 0.00313335972252 0.00782074387802 0.00352615231811 1.82172126426
1.75161015057 0.00757274468786 0.00434911595893 0.00754591733953 1.77037439732 -0.0175599613168 0.00434091065594 -0.0174708972227 1.76626859541
1.73217896799 0.00376154900337 0.00631936016261 0.00404703765582 1.71927655974 0.000634342299911 0.00628859312901 0.000840218942727 1.74242677309
1.94161670129 0.0157246062797 -0.00755014707129 0.0160843420716 1.9763758509 -0.000685860393534 -0.00759644539389 -0.000834467364914 1.94867657609
1.91556300072 0.0150548706575 -0.0156049024048 0.0152224793142 1.93816976542 0.0244147398591 -0.0153518160965 0.0249661400467 1.94352091214
1.88802185893 -0.0194114707037 -0.00458217196571 -0.0191141964343 1.91665716168 -0.00626558417588 -0.00457545025333 -0.00619426317914 1.88265702741
1.823242724 0.00292622290906 -0.00376556838655 0.0030962129598 1.80263740249 0.0124542998135 -0.0036936604008 0.012567730014 1.7865399849
1.96697446137 0.00352246492556 -0.0223985716963 0.00363356994085 1.95766103391 0.00381154090221 -0.0224297945073 0.00412971117231 1.93051286633
1.88566409618 -0.000589220819309 -0.0110678938286 -0.00026695235092 1.8703986547 0.00699167517876 -0.0110930391626 0.00732369035796 1.85590028871
1.80439747133 -0.00370870513919 -0.0041657834487 -0.0035750656799 1.78373729033 0.013269418676 -0.00427701391678 0.0134384614837 1.80763009138
1.72433406969 0.00144142182928 -0.00565288301307 0.00161278129918 1.74651815283 -0.0142763764278 -0.00579226389419 -0.014003825083 1.73557254727
1.84206110076 0.00607878543861 -0.00331903517187 0.00647198354889 1.84322991534 -0.00897606132811 -0.00320882137385 -0.00871792773535 1.8642494226
1.79776603973 0.00163285490471 -0.00907267110595 0.00147410285135 1.79420426674 -0.000783198122691 -0.00917311393401 -0.000494324570631 1.80282189052
1.8645695026 0.0171483252744 -0.00467610297935 0.0174363516194 1.87678309272 -4.35389431221e-05 -0.00442273545162 0.000412754904736 1.85920898314
1.79861269219 -0.00616826586854 -0.00538144770569 -0.00595028646749 1.81970153366 0.0043776221313 -0.00514863993078 0.00468158276262 1.80318291114
1.83782003448 -0.00387541771819 -0.00116141675371 -0.00373169637047 1.83373189266 -0.00452073061928 -0.00128598916149 -0.00442884148856 1.8520306716
1.7804077221 0.00294522011302 0.00485611640682 0.00313889579446 1.80152740889 0.00110652210024 0.00492342082584 0.00119324704192 1.78454533471
1.84403161896 -0.00820197638109 0.00250036049729 -0.00785322666874 1.83049560718 -0.00548051206449 0.00251694029496 -0.00550440088611 1.84472983308
1.76200901101 0.000634606355003 -0.0110129949753 0.000940012428271 1.73883269464 0.00662660142718 -0.0108971587695 0.00683055824796 1.74883181709
1.8671325221 0.00237017745344 -0.00945155394189 0.00251721688542 1.8127714678 -0.0193553188396 -0.00951292556522 -0.0191347568391 1.84239929035
1.86999411687 -0.00531687799734 -0.000743545077103 -0.00504873547403 1.84466120317 0.00954737327697 -0.00084940019339 0.00957779568536 1.8627656308
1.81706411222 0.00460161939368 0.000365601566006 0.00475296561703 1.83523166708 -0.0113260523079 0.00049590933248 -0.0108274696095 1.84207570767
1.78324265679 0.0058641478451 -0.0121727853148 0.00640680882801 1.74597994746 0.00205018882898 -0.0119560374168 0.00241983657414 1.75661303948
1.85871077461 0.00397036771622 0.0113261188701 0.00399486609517 1.88061857216 0.0120713447264 0.0113471652836 0.0123159708927 1.83953386059
1.87587573779 -0.00489497269775 -0.00557194082648 -0.00496096512119 1.89326694916 0.00629624610566 -0.00573653707378 0.00683379464104 1.88016712525
1.81240132337 -0.00924591725624 -0.00651495521877 -0.00891548548135 1.80430272525 -0.00953486152697 -0.00677152895839 -0.00950465187959 1.79020134987
1.75126199773 -0.00612518222697 0.0131471104604 -0.00579849524745 1.76293841031 -0.00113315890527 0.0131031086014 -0.00107582734646 1.75540393431
1.82000386266 0.00936897675852 0.00851619679393 0.0094995445799 1.84594742494 0.0119249077282 0.00845605368959 0.0122039454605 1.85056664894
1.7492364301 -0.0101377219834 0.00637307154177 -0.010071546978 1.73148104483 0.0241742381844 0.00620626265143 0.0243122832424 1.75183548503
1.87643852103 0.0155572537765 -0.000541110677684 0.0157169876982 1.88666052823 0.00117630445561 -0.000579325215344 0.00127223932591 1.87375128699
1.81875321046 -0.0176522345301 -0.00445536950899 -0.0173620519758 1.83172468003 0.0235527555219 -0.00426043276608 0.0237167660231 1.81578240048
1.76032660605 0.0121034077943 0.00914630570154 0.0123388028636 1.76979329915 -1.74519935072e-05 0.00903402385705 0.000239001908337 1.79035928934
1.7853026656 0.00992538100894 0.00991259998453 0.010271172336 1.8038678072 -0.00487913627197 0.00977636693515 -0.00477079552727 1.77327233688
1.87982503859 0.00315596065645 -0.0215429563957 0.0037527810273 1.88046615659 0.0111533050139 -0.0213027455512 0.0114057406002 1.85497619893
1.82194786814 -0.0116396234161 0.00137421914288 -0.0115528189077 1.83643093993 0.0043167926023 0.00111272179168 0.00458455311453 1.84246664606
1.81087722012 0.0134797397493 0.00230033584928 0.0135406402967 1.81740217746 0.022769525579 0.00219944386413 0.0230826130696 1.8147183525
1.88123167981 -0.00938456869725 0.00905654833488 -0.00897605035281 1.87102622055 0.0110405515761 0.00920609046237 0.0112632322844 1.88544122933
1.82661455681 0.015422058777 0.00028157223019 0.015541125557 1.80749109417 0.00373193786984 0.000286804889289 0.00392115634535 1.82311172782
1.83500756102 0.0130666270925 0.00389208011215 0.0132073277945 1.82468056296 0.00586994406654 0.00371693676237 0.00616755576669 1.85285460263
1.80117138724 -0.0241247022314 0.00388754648586 -0.0239608347412 1.80206908188 0.0172951459358 0.00362618856731 0.0175071247975 1.83336317966
1.93210833794 7.89924012782e-05 -0.0063574971446 0.000413665866434 1.90794137899 -0.0132499143029 -0.00628225098967 -0.0131406239635 1.91409448907
1.80476874953 -0.00963357410548 0.0155293201841 -0.00959654622851 1.77250541183 -0.00276478658649 0.0159078813189 -0.00229365307823 1.84376576325
1.8770433094 0.00257335042316 -0.00158212988618 0.00302270365224 1.82718788915 -0.00857671617811 -0.0015014350893 -0.0084404271821 1.83524524803
1.84278046954 -0.00981860505326 0.00167479962441 -0.00965580042766 1.82949238486 -0.0150918304258 0.00188553653584 -0.0148820333586 1.84618097412
1.74927088641 0.000233035586403 -0.00356784204326 0.00046127958994 1.73910288733 -0.00978129627526 -0.00342659549589 -0.00957742506609 1.76701165595
1.70912573888 0.003789393789 0.00509375873719 0.00394188067117 1.71112700994 0.0177023676868 0.00523196534513 0.0180730274661 1.74271274352
1.84968501596 -0.00571085859814 0.00481145490795 -0.00555247902078 1.86003572274 0.00106306495686 0.00471739546325 0.00140212295507 1.8289986107
1.78207477254 0.0104200512042 -0.00716471822276 0.01063207441 1.80018229017 0.00929612698019 -0.00715629856357 0.00963802461792 1.75696227941
1.76514442038 -0.00425055579495 0.00757378449597 -0.00395875645691 1.76732207243 0.000286952729826 0.00751202225509 0.000481877256298 1.80572306667
1.93753584603 0.00881853903236 0.00287401467134 0.0089450553279 1.93947032395 -0.00798942104508 0.00290095580207 -0.00775179962782 1.93353957264
1.79706328059 0.00608501212318 0.000986325167308 0.00626031756953 1.78282361543 0.0135745967507 0.00122895680234 0.0141271783372 1.79475559222
1.82294942091 -0.016878908478 -0.000158444904553 -0.0165303078618 1.81803688557 0.00503143949497 -0.000181648517945 0.00502497200328 1.79957092189
1.84496654699 -0.0101274370151 -0.017046376025 -0.0100394524101 1.8397675557 0.0134241484031 -0.017096915778 0.0132486668747 1.87251856986
1.86600875513 -0.0239859399731 -0.00348598925407 -0.0237897366459 1.83073824735 -0.00664450999795 -0.00382410176126 -0.00689102404619 1.84434734572
1.90736088178 -0.0075800068735 0.0099773325058 -0.00710341721912 1.8830390452 0.00148044246025 0.0101792184006 0.00151196210836 1.87710371563
1.90148662733 0.00972777058003 -0.0137096107678 0.0100383074781 1.84563784223 0.0137769194289 -0.0133677391135 0.0139487973502 1.86104985654
1.87919635502 0.0140019149481 0.00565500620137 0.0140298923577 1.90191502319 -0.0251543909059 0.00560130274393 -0.0251370410346 1.8652712043
1.84413711503 -0.00612825945845 0.008205059634 -0.0057727546034 1.85214666078 -0.01214382279 0.00830404136075 -0.0118257567582 1.86647510303
1.78742087584 0.00672916614946 -0.0171626115512 0.00667684023347 1.79205865292 0.00625665668551 -0.0170640096842 0.00663630686212 1.80951971156
1.85103539887 0.00662587983515 -0.00049130781634 0.00652721916629 1.84758494872 0.0120121372758 -0.000282941180317 0.0121534250636 1.83733388238
1.80445689854 -0.0121931069571 0.00696945433236 -0.0119252513641 1.81390186888 0.000233689563236 0.00698662048833 0.00036714071878 1.79366058686
1.79573062134 0.0166412297474 -0.0094795522837 0.0167236882667 1.79031896945 0.00584248861842 -0.00960281179135 0.0060424491628 1.82169220808
1.81735773675 0.00217870324735 0.00184157263732 0.00234834044189 1.82568876386 -0.0276259980395 0.00202936120211 -0.0273727420028 1.82586925544
1.76172085268 -0.00132381386053 -0.00321259900381 -0.000917474514058 1.77548382819 -0.00506375945679 -0.00308456058855 -0.00487177866363 1.77005290474
1.87726905437 -0.00737595275083 0.00206475476415 -0.00729390923115 1.87714902451 0.00618553792657 0.00229894794646 0.00641008479911 1.91317610531
1.81340238851 0.0116113660057 -0.0316653323049 0.0118714506291 1.81747155608 0.00431924412736 -0.0317491911905 0.00442476953498 1.7982632945
1.78573859324 0.00941803692933 0.000520618578985 0.00957579262243 1.75110993717 0.00308853336957 0.000657496933388 0.00336635085843 1.78055129434
1.83734646395 -0.00206064104993 -0.00700027408423 -0.00212329159992 1.83545767842 0.0108519936689 -0.00715548581415 0.0109842653529 1.79710754432
1.81699730045 0.00306680331199 -0.0133748840814 0.00340197588845 1.82974684389 0.00328044729301 -0.013705387966 0.00344351009527 1.83073946778
1.84767047754 0.0147788568611 0.00591528841268 0.0148838081798 1.82573385779 0.0164751833302 0.00594154739228 0.0168448307057 1.81990203652
1.83878501837 0.0117635818513 0.0140457381277 0.0120964323266 1.8791074016 -0.0120729965443 0.0139020226237 -0.012213146054 1.87069047494
1.714740857 1.95488339675e-05 0.00538606126807 0.000354404103969 1.73128247836 0.00129927542559 0.00531372170251 0.00113331461456 1.73540011231
1.84054769605 -0.0049829266498 0.0106419517622 -0.00469504039564 1.83300076489 0.00478979095381 0.0108517409051 0.00510620953019 1.84335744086
1.91660184586 -0.0144693526616 0.00307426018338 -0.0144993304453 1.91843640706 0.0073030649262 0.00284578523036 0.00753921105275 1.90054485592
1.81811247789 -0.00190603140985 0.00267696532612 -0.00192281659451 1.80066180482 0.00620093637006 0.00249929782958 0.00648457251058 1.83331647885
1.74436326839 0.00729789926018 0.00380726376188 0.00737517395358 1.73777242811 -0.00102833223866 0.00405285060262 -0.000411494855267 1.75874068073
1.78600070073 -0.00698172057371 0.00289361823661 -0.00660205738852 1.74607940432 0.0255077842381 0.00294509184228 0.0257251769875 1.75993428867
1.85972992578 -0.00815870050099 -0.013973769742 -0.00806621939008 1.84392961608 -0.00547908903004 -0.0143211373444 -0.00541913498498 1.84676324954
1.86108077971 0.0108782329226 0.0111958946373 0.0114465450805 1.86708409528 0.00105342008759 0.0112151812064 0.000897343273808 1.8613243034
1.81457788718 0.00514702558814 -0.00147775544666 0.00541056510287 1.79147760255 -0.00398034837087 -0.00162048864021 -0.0040719263771 1.80652703911
1.77877044922 -0.00131292145695 -0.00461929029678 -0.000915049780491 1.77464810297 -0.00097938290772 -0.00448764313267 -0.000793110565065 1.76740699943
1.82169822989 -0.0177750785075 -0.00935123328536 -0.017715902363 1.79792193166 0.0143901515416 -0.00934094094847 0.014346011495 1.83122761495
1.78004837274 0.016368641465 -0.00267216201216 0.0163222631846 1.80117837798 0.00480303391642 -0.00261729311497 0.00515755338096 1.79989278317
1.78243950832 -0.00668504263492 0.0023476189292 -0.00647588941962 1.79094936618 0.00218013276285 0.00224916900231 0.00218792754115 1.76622227401
1.80373934748 -0.00384154016793 -0.01389519675 -0.00368678041382 1.79439940207 0.00987900037458 -0.0141044274329 0.00996980887371 1.78142225911
1.87669579783 0.0262346036688 0.00383334676073 0.0264297801469 1.83994396645 0.00930863989193 0.00404734270054 0.00965575831254 1.86869677861
1.81383595552 -0.00174531010223 -0.0051669177402 -0.0015821201196 1.81068664661 0.0160895650594 -0.00535686472411 0.0161412640576 1.82233318419
1.80753425938 0.00490252936192 0.011215329111 0.00548476387194 1.80989773704 -0.0116874989645 0.0112059004965 -0.0118581056143 1.79289399869
1.76360647447 -0.0159583097162 0.00958980281046 -0.0157372558658 1.77580551116 0.00273215902331 0.00958821909271 0.00285936058362 1.75079284074
1.8753187613 -0.00752762673175 -0.00589005872775 -0.00700827615562 1.8781443175 -0.00728736654794 -0.00581303518239 -0.00731753855214 1.88794050948
1.81824968865 0.0138038328308 -0.019448343021 0.0138405930196 1.82849260972 -0.000731768842512 -0.0197186365983 -0.000741997704772 1.83830991743
1.81100823224 -0.0197214714985 -0.00394772583581 -0.0197361169515 1.80543545984 -0.000861642264496 -0.00381398687603 -0.000609770560817 1.7897431239
1.78773685618 0.00711874899239 0.0152414464108 0.00709230926532 1.77709081711 0.00181606317571 0.0152949229569 0.00233305233052 1.81370465121
1.80199885764 -0.00080387113458 0.0172166683809 -0.000422974189556 1.76766468279 0.000326426097745 0.0171824228279 0.000414329524438 1.81818226901
1.74151661021 0.0127190036032 -0.00906143662037 0.0129502989382 1.78312634258 -0.0159752436645 -0.00899594556703 -0.0157465251104 1.75685021929
1.78826576989 -0.00854137308498 -0.0111803379359 -0.00829234968013 1.83287935824 0.0153455800078 -0.0112162432197 0.0157320668579 1.7954547148
1.88159745798 -0.00386507361285 0.0196813469457 -0.00354381544556 1.87283539477 -0.0255321802666 0.0196620100965 -0.025431878717 1.88599405213
1.85348549849 -0.000637951812017 0.00119545011917 -0.000463250631133 1.84870748959 -0.0113060098144 0.00117273640049 -0.0111503721485 1.8421993742
1.74849928459 -0.000238980919812 0.00593611722999 -4.80459068302e-06 1.74425259673 -0.0119094973997 0.00586874593984 -0.01159149152 1.76288954694
1.72117637237 -0.00501392614971 0.00820187326525 -0.004990991878 1.72250371901 0.000277330875939 0.00827319106928 0.000616204339596 1.70353811004
1.81865291832 -0.00779945101171 0.0122174812406 -0.00767395973167 1.84802991728 -0.00185467603178 0.0120540479814 -0.00173819694249 1.83148355981
1.86182943346 -0.0216750084536 0.0142516799523 -0.0215902561616 1.86014267148 -0.00291426766738 0.0142083264116 -0.00290712498794 1.81436494491
1.82010871066 0.00589121795268 -0.00998149047282 0.00618603113082 1.82342547885 0.00641774611632 -0.00998017753109 0.00640541614397 1.82392530143
1.72326666022 -0.0202053847006 -0.00340044849293 -0.0199160584194 1.75431824264 -0.00178472512117 -0.00353453072643 -0.00174213185892 1.73981359641
1.73673313602 -0.0137108806059 -0.0195212955399 -0.0135691462446 1.73064304356 0.00303146553461 -0.0194459670596 0.00333083146512 1.74845217682
1.74093512289 0.00411026582345 0.00181329024875 0.00377399017024 1.75440073301 -0.0121634913708 0.00167911264246 -0.0117085188622 1.76310301641
1.83131635027 0.0120263892013 0.00961039013127 0.0122821302721 1.87174405844 0.00490356931215 0.0096565908762 0.00496117078933 1.86477423285
1.81175143108 0.0176529413847 -0.0079336943918 0.0177201356347 1.83822829134 0.00632355471466 -0.00818202611239 0.00630168077439 1.81284419359
1.75704845501 0.00489311830251 0.000552223476093 0.0050825241286 1.74163951854 -0.00585681832 0.000483947071262 -0.0059335184649 1.73799204842
1.71313369432 -0.0100661820001 -0.00696711118895 -0.00993050983817 1.70434219003 0.00770809129636 -0.00683095825316 0.00789754772167 1.7184665621
1.81098583557 0.00176378649127 -0.0122123110112 0.00193125547083 1.81732448368 0.0138790748346 -0.0122157161229 0.0142189809078 1.81971512784
1.83416173314 -0.00643068585135 0.0172395784386 -0.00621971291673 1.81133554628 -0.0106069415007 0.017259849263 -0.0103436665235 1.85884309236
1.81638280079 0.0175984859514 -0.00649686408092 0.0180902130962 1.81708274048 -0.00345825911504 -0.00645410573288 -0.00334803678645 1.85086011202
1.90707713218 0.0084728177459 0.00495639167347 0.00868496340153 1.88370295648 0.0113895489808 0.00467210826378 0.011706705397 1.8654295866
1.90953303814 0.0183045299926 -0.031743754885 0.018498624393 1.87774144017 -0.00477929295237 -0.0321157148136 -0.0048090258708 1.90441338979
1.81336265478 -0.0119515549742 0.0078417669037 -0.0117042914201 1.78954411061 -0.00275151721939 0.00792575023728 -0.00244468914409 1.79384079815
1.83370117665 0.0104881289806 0.00280290246146 0.0106299577534 1.85649565377 0.0139006635412 0.00270228573903 0.0140800187761 1.80949962508
1.85008417099 0.000210325837207 0.00371069387915 0.000311509691869 1.83964788423 0.0127602002088 0.00384006401374 0.0131737574928 1.85888325388
1.80719426695 0.000659564533452 0.00511168695238 0.000835268419043 1.79645387859 0.0196455584019 0.0049516723093 0.0197133778086 1.78954450021
1.82572604501 -0.0125863280741 0.0127303242001 -0.0124881876738 1.82476200778 0.00945944859237 0.0125705059403 0.00917660763471 1.82585894427
1.86597835044 -0.0118542397587 0.00864935159058 -0.0113646509554 1.8334603851 0.0149780243953 0.00899708173129 0.0151221634079 1.82110994975
1.86966309428 -0.000210521437457 -0.0184464635096 -2.35160910281e-05 1.87916872921 -0.00649890472903 -0.0186724806663 -0.00652120434617 1.89570583077
1.79817869786 0.00248653398734 -0.01395898247 0.00280026532762 1.79706542787 -0.00890009261177 -0.0139328273842 -0.00869190954331 1.79515618074
1.82939057702 -0.00631664047893 0.00419810468612 -0.00629868002088 1.82602924694 -0.00446423480279 0.00422415537141 -0.00424050027273 1.81825693904
1.80534375518 -0.00430238652084 0.00646374801186 -0.004063986066 1.83033041124 -0.00227599258618 0.00651366880461 -0.00223632364174 1.81815503264
1.89010040848 -0.0103318023957 -0.00481522560489 -0.00983425585969 1.9236173915 -0.0185150983337 -0.00482637387163 -0.0182532540889 1.94029023834
1.81336899464 0.00845381087885 -0.00450500663391 0.00882360248892 1.86539706596 0.000724413864014 -0.00436405311869 0.000964194209666 1.81675365044
1.86855312576 -0.0144825868621 -0.0108400581444 -0.0144989018055 1.85352844564 -0.00299114662826 -0.0111373401198 -0.00272239520214 1.87448986207
1.88180374584 -0.00479346447207 -0.000193474719679 -0.00482415684156 1.83391724098 0.0187599657647 -7.82625985357e-05 0.0189016036092 1.84183026609
1.8647166424 -0.00551943428128 -0.00626077166373 -0.00540171633019 1.84693666294 0.00964249253872 -0.00638614857378 0.00987488422254 1.82521390928
1.84513461509 -0.00252572370422 0.00676496375752 -0.00259225906124 1.83949202613 -0.0201579079653 0.00686106463579 -0.0197491822129 1.81823691275
1.79905564762 -0.00214455537044 0.00343063742622 -0.0022756367765 1.80178503056 -0.00478632870231 0.00312793843605 -0.00464391873824 1.79164764765
1.87055390292 -0.00943844340044 0.0103687185385 -0.00915831825179 1.89075046184 0.018087449712 0.0103470850948 0.0183869970979 1.8618166988
1.77934612828 -0.0253440088035 0.00440480768914 -0.0250203174225 1.75730082303 0.00487475971737 0.00474339060649 0.0054052076386 1.77121231789
1.80496026057 -0.0132622428104 -0.00137329337312 -0.013081863187 1.81871843577 0.000317082513333 -0.00126550250265 0.000473359084415 1.83075095126
1.82478134477 0.00443847661097 0.0133200459709 0.00447379777774 1.83270577397 -0.00210683583728 0.0132362308147 -0.00205515379522 1.84758444005
1.757460194 0.00124990280409 0.00376418887825 0.00139545400237 1.73719986309 0.00028163641868 0.00382822331276 0.000510012777365 1.74768428289
1.84450843438 0.0074298338204 -0.0114442664412 0.00747618490517 1.8501103168 -0.00304318636856 -0.0116944827345 -0.00293847101561 1.86295665027
1.83865909831 0.00847003950838 -0.00640829926386 0.00880041881919 1.80354481475 -0.00604924706752 -0.00644116392354 -0.00581961963193 1.80508108063
1.87311210231 -0.00461064035381 -0.01405558131 -0.00409683296687 1.85828955055 0.00315465179536 -0.0139716129316 0.00329589004457 1.84457227576
1.85084725272 0.00163061639876 -0.0181770656633 0.0018244649003 1.88243591513 -0.0226773421941 -0.0183594515313 -0.0227726974367 1.86633674569
1.79089786094 -0.00679560334498 -0.00298443365304 -0.00666658174178 1.78859615996 -0.00055632441868 -0.00307632887359 -0.000351779194542 1.78981485125
1.83214959341 0.0113561409878 -0.0139239328777 0.0114079272264 1.83373714322 0.00645020147661 -0.0139933329552 0.00668637884052 1.79641393003
1.81303018562 0.0171636805519 0.00563030373994 0.0173219193187 1.78044650581 0.0255179530653 0.00569013734201 0.0257745851644 1.80224632947
1.87872939913 0.00367667709099 -0.00649104215279 0.00369650959067 1.85864283157 0.0102873059322 -0.00662480926996 0.0103685549288 1.85521450126
1.80522792713 -0.0184734338145 -0.00307696649295 -0.0184106716156 1.80118684125 -0.00271827043695 -0.00317057448818 -0.0025026059022 1.79497386874
1.81085398472 -0.0024355174617 0.000298861288364 -0.00231112634361 1.77633259663 0.0112393450449 0.000320254175717 0.0114059587928 1.79352073141
1.93698370914 -8.59738147844e-05 -0.00785886538553 1.89554653614e-05 1.89381836017 0.00142134204044 -0.00798448279223 0.00138151772062 1.90367208964
1.89811158835 0.0230394478861 -0.00607234596158 0.0230400078846 1.86139724731 -0.0102831113385 -0.00596353995798 -0.00992415970932 1.84912199427
1.80936078374 -0.0116273077969 -0.00402324149651 -0.0114584865651 1.79065824633 0.00999275905914 -0.00408927382849 0.010399688702 1.77229464186
1.89057983055 0.00273952665049 -0.0139185259882 0.0028385873673 1.93482118905 -0.00692792272728 -0.0140700815137 -0.00670064537358 1.93903768137
1.74247482156 -0.005035799991 -0.00663675468561 -0.00484617995186 1.75520222008 2.91511777637e-05 -0.00672661077754 0.000325206091602 1.77028079603
1.81635954994 0.00285719551401 -0.0071834987511 0.00313365759045 1.81699281912 -0.00915098814914 -0.00697312654189 -0.00893234039753 1.81798466079
1.77869315815 0.000982302953729 0.00447576927862 0.00106629409849 1.77532303494 0.021265753514 0.00459093198599 0.0215515114641 1.7950471583
1.87752679569 -0.0114851395509 0.00345021940303 -0.0111314094678 1.8839805193 -0.0139951692601 0.00373452467627 -0.013764503471 1.88030977179
1.90786631674 0.0218112351901 0.0118920844373 0.021773956138 1.88959931393 0.00271254688981 0.0116281808592 0.00300190936401 1.87614935534
1.82690516376 0.0147996081215 -0.00532039351507 0.0149125513981 1.81148622598 -0.00349133844942 -0.00532790010323 -0.00354216313516 1.81104001233
1.88112111757 -0.00529966383769 -0.0108179077854 -0.00508448265371 1.8749634642 -0.00683401545815 -0.0107606227031 -0.0065796527641 1.88039791814
1.81191394303 0.00718200813293 0.0165321858045 0.0074887886306 1.79277571121 -0.00309375570805 0.0166307800446 -0.00273993489729 1.78905014677
1.81942464552 0.00349329739931 -0.00314365994624 0.00379839322629 1.80529582707 0.000168796566193 -0.00295627107388 0.000430551979936 1.81188237753
1.79699289159 -0.0115813965153 -0.0049418697157 -0.0115511479706 1.78441948937 -0.00646094339722 -0.00492617389572 -0.00620666155211 1.79012578009
1.85340093472 -0.00181950212922 0.0114778062234 -0.00177678528002 1.8733961717 -0.00896727392861 0.0114509514928 -0.00878581357457 1.84552033529
1.8069256662 -0.000850778119009 -0.00464826520262 -0.000739240765291 1.85858628211 0.00439490401542 -0.00481311049894 0.0043671160239 1.81788994603
1.84941856673 -0.00445487359471 -0.0147024135651 -0.00437563383598 1.83331113442 -0.00409633768065 -0.0147609120298 -0.00367065898971 1.84082768109
1.81363323302 0.0130926956954 0.0119904513589 0.0134260645419 1.77368327856 0.00848046213708 0.0122455638432 0.00874064154439 1.81418969277
1.87998560255 0.000622731709156 -0.0219219237087 0.000703569350598 1.882524778 -0.00306038182231 -0.0218474748337 -0.00274071288046 1.8524889323
1.76539078154 -0.0248227138224 -0.00907910975963 -0.025156007996 1.77420221935 -0.00927682232923 -0.00921334893033 -0.00892053802094 1.78446021051
1.80797424788 -0.00317044756149 0.00461170788983 -0.00310468427391 1.79052203057 -0.0114943954485 0.00451910407681 -0.0113791990275 1.81461705044
1.84902635368 -0.00269047314359 0.00940380895938 -0.00290004458341 1.8626229628 0.000454890243115 0.00947698899973 0.000698566918355 1.77974470201
1.88601858378 -0.00907793642546 0.00950340392958 -0.00874833118986 1.85503933251 -0.00111059126032 0.00944152656801 -0.00086684526844 1.83121425096
1.88504717018 0.0185148450064 -0.00623881440772 0.0190977023646 1.91416098176 0.00758616490453 -0.00617346991782 0.00757297165873 1.91369369947
1.75794582447 0.00802134577947 0.0159707393639 0.00828111948142 1.75167447443 0.00103118537677 0.0158512970253 0.0010726470124 1.73312518481
1.87494448656 -0.00542379292693 0.0103033610082 -0.00498628345207 1.83111294058 0.00700794724603 0.010440009288 0.00741622584545 1.8501668956
1.70544878003 0.0129858446707 -0.00205653386217 0.013215241192 1.71865292578 0.00752228233714 -0.00204618339776 0.00773519996106 1.71935686455
1.80810043294 -0.0118892387001 0.00819987757044 -0.0118657556232 1.79362074722 0.00344191215203 0.00818125300604 0.00359444490894 1.76618188806
1.86300298823 -0.00456155012399 0.0147014920685 -0.00432726847731 1.89693316614 0.000375452462439 0.014631782203 0.000635185914715 1.88290837922
1.89768382736 -0.0195840807587 0.000338327284314 -0.0194908637963 1.89743474691 0.010604731182 0.000165364910736 0.0106649404918 1.8919266399
1.85640255459 -0.0205041636595 -0.00841153488581 -0.0203751190366 1.84101958699 -0.00572411245978 -0.00855225975221 -0.00554427746371 1.83224085325
1.78298710286 -0.00521983577508 0.0104781731097 -0.00512845538989 1.7904291772 0.000698555136643 0.0104394904268 0.00101883396834 1.80693709175
1.89827266398 -0.0110295176653 0.0113615676162 -0.010820730596 1.90307057012 -0.0164032297158 0.0112465897134 -0.0162662934108 1.88029531077
1.87250688911 0.00951223527305 8.40255505044e-05 0.0097432724464 1.79160937797 0.00788164766868 0.00021908194824 0.00817912297174 1.8391929141
1.82141611068 0.00327247147601 0.00900637706477 0.00335260578754 1.83195333889 -0.00307192260669 0.00906082397298 -0.00287624760664 1.82001662924
1.87809096182 0.00290178155701 -0.0102780491379 0.00330591664014 1.86278125581 -0.0049276112092 -0.0100407095281 -0.00478797081233 1.88767811688
1.8079140595 0.00146849729508 0.00458480919798 0.00156775340302 1.80838441434 -0.0149487330004 0.00438275985202 -0.0151072188505 1.83383527418
1.74378799261 -0.0110179473136 0.0155526775769 -0.0108591138935 1.74091567179 0.00471030936932 0.0155112561389 0.00455351990024 1.73148637517
1.83430303074 0.0101385330589 -0.000835034202545 0.0102370178088 1.84124647871 -0.00612015827075 -0.000730978330496 -0.00594610829917 1.85075069873
1.85092749711 0.00301113971093 0.00477068237769 0.00333117351391 1.86537373775 -0.0116335215755 0.0050142171273 -0.0111593712814 1.85947140659
1.8356001758 0.0105092718082 0.00103424429853 0.0107243432765 1.82350247781 -0.0166062763374 0.000788859246179 -0.0167190641512 1.81319338882
1.89834246595 0.00614800732755 0.0219279554165 0.00629792564378 1.88748162884 0.0011283675326 0.0218028343385 0.00117599857539 1.88567761621
1.84686597468 -0.00794857311189 0.000709950184824 -0.00766279810057 1.91408967041 -0.0164711430591 0.000819303988088 -0.0164797723599 1.89805346641
1.80598537646 0.00947213621165 0.00653796232288 0.00980838908955 1.85353680533 0.00736153563938 0.0066163724375 0.00725322433333 1.83368291489
1.88294908943 0.0177882228803 -0.00518252677846 0.0177045900912 1.86079330213 -0.00200292409354 -0.00520567007084 -0.00148081041864 1.85981725803
1.87263349529 -0.00361255569594 0.0104524518403 -0.0035904865275 1.84690804256 -0.00405868484984 0.0104015312765 -0.00394759568751 1.82287607624
1.88236941667 -0.0134577724028 0.00918840236795 -0.0131607989926 1.82013773738 -0.00290880684992 0.00905011216276 -0.00284338034765 1.84498270399
1.81965821879 0.00352614010133 0.00741305749446 0.00347285509418 1.84372781034 -0.00580913414773 0.00753072960761 -0.00549957759445 1.82259507393
1.75312951195 0.0114912513316 -0.0185272146976 0.0116458421411 1.75312491305 -0.004166407835 -0.0186439173523 -0.00410363764299 1.74391101726
1.83185338709 0.00581436307642 -9.80703604994e-05 0.0059582853101 1.83646771198 0.00534725635578 -0.000124825891969 0.00560650767085 1.81483774775
1.79163978271 0.00150956506135 -0.00366193762518 0.00152843616783 1.78537846765 5.57317360857e-05 -0.00375689715937 0.000429601321348 1.79567122483
1.8305896256 -0.00803646900449 0.00728435525149 -0.007687992594 1.8102245961 -0.014889328956 0.00741441944036 -0.014797548525 1.83255734131
1.8071698402 0.0109498360154 0.0121136961083 0.0112408544812 1.81267075352 0.00372670397779 0.0119339821194 0.00365397021262 1.82190961367
1.83674669729 -0.00737631225381 0.00407491677845 -0.00694799230055 1.81304720921 -0.0103244227483 0.0043575433387 -0.0100053872104 1.8406909758
1.79267692957 -0.0123839339909 -0.00182414211809 -0.0117709852157 1.79264598078 -0.000823757533537 -0.00155795184454 -0.000699118302708 1.81140575868
1.77216672704 0.0146265653109 -0.00397248357412 0.0147569713553 1.78722448853 0.00114352663277 -0.00389593239019 0.00143323834822 1.79761927479
1.81536922801 -0.00730133477319 -0.000397765679787 -0.00707643464138 1.84226352091 -0.00510756436709 -0.000522149726724 -0.00510227509369 1.84417119889
1.80609001681 -0.00770746697179 0.00924682632564 -0.0075036526511 1.81652715766 -0.00775178042463 0.00909860183688 -0.00757519385561 1.81950019385
1.86629095684 0.00293218378509 -0.00626657632886 0.00322679389753 1.82578822226 -0.014842681521 -0.00635547128165 -0.0146313558091 1.85196034914
1.84655794833 -0.017018315736 -0.0106774514357 -0.0170367912696 1.79426251002 0.00201057899402 -0.0107321053014 0.00227157386806 1.79588459566
1.83745395245 0.00376472411516 0.00931196620154 0.00396453292411 1.83671270626 -0.00649299327262 0.00938887485091 -0.00621111947198 1.83871729131
1.72129025059 0.00397326985822 0.00999064917427 0.0040682328847 1.73977393625 0.0126815270151 0.0101451150412 0.0130470150129 1.72795317505
1.77201969436 0.00712747279972 0.0202302237268 0.0073942586079 1.81615272905 -0.00148252141178 0.0203229249087 -0.00135315876324 1.80184724031
1.80358561398 0.0113959177809 0.00867764090632 0.0115522439145 1.7960977151 0.0172108268904 0.0087007540987 0.0173500266289 1.80920265911
1.85226569291 0.0124523864138 0.0173498622293 0.0127884950603 1.86824563641 0.00404909059044 0.0172108079968 0.00402631149666 1.87185273055
1.8229014017 -0.0198961882075 0.0094644172773 -0.0196105763888 1.82416465727 0.009882482614 0.00952746467607 0.0101801716806 1.8174575343
1.71400040124 0.00208276024262 -0.00610689386797 0.0023213610464 1.72154484194 0.00290902034937 -0.00633346260731 0.00299258355624 1.74828949708
1.82579747976 -0.00640094009541 -0.00693125572433 -0.0062572883031 1.837448172 -0.0062976667952 -0.00687414708218 -0.00607197611814 1.80317105621
1.85091665442 -0.00845178187781 0.0102649251182 -0.00810185782563 1.85222110674 0.0235766368247 0.0102065557676 0.0233919265073 1.86085015119
1.76112793854 -0.0102593364575 -0.00422333288028 -0.0100337040064 1.75755255292 -0.00812582532786 -0.00417746648921 -0.00791162173699 1.79534756413
1.86441362934 -0.0096635388422 0.0146689066751 -0.00944139236856 1.86342408161 -0.00464071505974 0.0147304534491 -0.00457567270804 1.84555675877
1.82249203952 0.010461288276 -0.00297824704971 0.0102828064824 1.85613180982 -0.00240555974705 -0.00312100882364 -0.00220924218592 1.83420179283
1.86444063618 0.00242035652088 0.0109041212313 0.00272385012942 1.88320499846 -0.00752085487779 0.010730543711 -0.00739995328576 1.89715404997
1.79555381364 0.0163104801166 0.00667135357645 0.0164693657948 1.8483432587 -0.00749860268448 0.00670204311904 -0.00722966975219 1.84530686477
1.8934337382 0.00254229154183 -0.0245184515143 0.00288482432138 1.92861787905 0.0100571813145 -0.024457837114 0.0101526578723 1.88677645078
1.77095642252 -0.00328155164316 0.00639235795841 -0.00311656939318 1.80718371836 -0.00909813823945 0.00640663295081 -0.00873780571256 1.80443301654
1.83660581941 0.00928154096507 0.00410114402577 0.00957922222733 1.86393964343 -0.00336650906594 0.00399528180522 -0.00308371915077 1.8097382036
1.87592813759 0.0140508127465 0.011128294185 0.0145969904369 1.88911375673 0.0134253874343 0.0111357590579 0.0134274580453 1.85572913542
1.7663855141 2.97138437117e-05 0.00236241169652 0.00034859318529 1.77773274299 0.00815770046044 0.00240753556999 0.00816960999155 1.77318383922
1.8573180109 0.0133764052235 -0.0156090066805 0.0137978244746 1.85178450726 0.00397827094396 -0.0153295899678 0.00414333279577 1.84494143817
1.80271225889 -0.00691895305028 0.00531381851933 -0.00692316465306 1.81443084813 0.0251543086656 0.00542960642754 0.0254819339471 1.82923857081
1.80684450562 0.000775285493882 0.0159179404362 0.000594262499383 1.80773193252 -0.00460620558865 0.0159130590477 -0.00432489648291 1.81045653969
1.78796481033 -0.0145973734998 -0.00222525772549 -0.0144509131625 1.75172864301 -0.00435260640946 -0.00201813514069 -0.00392654171515 1.7602460978
1.8554257911 0.00634175956354 0.00990846802166 0.00672755169376 1.83241670869 0.00264463537321 0.0102071033309 0.00305280094745 1.83002784539
1.7780877194 -0.00868937282373 -0.0143247687132 -0.00832547459266 1.7425473341 0.00385480556895 -0.0143162565462 0.00404008211398 1.77413433187
1.92312712402 -0.00625701858392 0.000694168924291 -0.00609723987227 1.86729731584 -0.0158407024488 0.000877283181373 -0.0155177288456 1.87905552527
1.77306782799 0.0107823842589 -0.0171682546435 0.0110706752692 1.7440388246 0.00595853832971 -0.0170263251705 0.00602981225197 1.75994107814
1.82716254619 0.0012661873213 0.00122071277673 0.0016061779175 1.85455273863 0.016567368987 0.0012446726938 0.016850865093 1.85193304633
1.77091922834 0.0091149282591 0.00721571968409 0.00931530555958 1.81481554006 0.0137655258851 0.00716027706469 0.0140298937013 1.78998877253
1.76848828665 -0.000438028552146 0.018576680268 -0.000161088316678 1.78316724771 -0.0215759066283 0.0185481860786 -0.0214167571761 1.82253822523
1.79368483694 0.003467505224 0.0102444305733 0.00378959493325 1.80492065897 -0.026382144395 0.0103678885082 -0.0262418412538 1.77456649097
1.73486350888 0.00299763909367 -0.0230448082834 0.00329331776183 1.72340234109 -0.00210691373298 -0.0231366537627 -0.00212668786052 1.73309287265
1.89737271523 -0.00518353537395 -0.0155798182298 -0.00487067820886 1.9035392131 0.00280265271438 -0.0154002890499 0.00308986102409 1.89848856279
1.8194605259 -0.00421803326732 -0.00190706455925 -0.0037509060184 1.79840959891 0.00263061194384 -0.00176732710595 0.00282192809631 1.84446957873
1.87359335421 -0.0139477484535 -0.0240462713628 -0.0138514110692 1.85680836583 -0.0117242553645 -0.0241045222701 -0.0118334086086 1.86188898814
1.8095234923 0.00489631273625 0.0109081226744 0.00510650477684 1.80793725027 0.00880834049016 0.0109087022936 0.00892692518562 1.81672393529
1.86644516628 -0.00133317644417 0.00376588980406 -0.00113089386056 1.85699194594 0.0172130483774 0.00368067318804 0.0173797846903 1.85423781956
1.71106903425 -0.00506878110498 -0.00127694709093 -0.00478458143129 1.72394289962 0.0045045283049 -0.0013496943602 0.00452319362863 1.74086833366
1.81652913397 -0.00518698996095 -0.0098475287457 -0.0049870177011 1.86154952698 -0.00568477338099 -0.00962284726612 -0.0056252486266 1.86105135477
1.79136656967 0.00570431043366 -0.00368786088932 0.00598871409937 1.77989692415 0.0173912363176 -0.00379270730842 0.0176431938481 1.81076009161
1.80856110744 -0.0153224797779 -0.01346225296 -0.0149107785673 1.82379620823 0.00942053058261 -0.0134199013344 0.00963666148222 1.82222104297
1.86357393148 0.0187159878828 0.0127159273481 0.0189132749026 1.87269450882 0.00640258106192 0.0126707499736 0.00673229386841 1.86663430727
1.81610798069 0.0175659243903 0.00617259020922 0.0177674132879 1.81879934022 0.0153786158288 0.00616946475772 0.0154797650404 1.81857340713
1.7667163635 -0.00154444814398 0.000382379291383 -0.00136378596268 1.78575076247 -0.0129771083144 0.000244160457334 -0.0127715100709 1.78831266889
1.86860639011 -0.0298172532825 -0.0119272533454 -0.0296403320721 1.87842536439 -0.0116516313889 -0.0121132813481 -0.0114825944833 1.88886287652
1.933420194 -0.0076323324911 -0.00153319143585 -0.00742938440021 1.94168491669 -0.00344341984755 -0.00145809251147 -0.00331698341236 1.95868812958
1.88397628685 0.0143335395543 -0.00747693066802 0.01458350375 1.85819048738 -0.00172391947642 -0.00733709365307 -0.00173012874723 1.9019729387
1.88101667041 0.0109472401621 0.00394018011169 0.0111273489028 1.89288378968 0.0111982014775 0.003919715823 0.0115084286297 1.89867958626
1.79193783305 -0.0266051688813 -0.013306152167 -0.0263916881112 1.80568746932 0.00752980817126 -0.0135337993246 0.00790728278855 1.80461442022
1.78388582823 -0.0119866412209 -0.0137378948548 -0.0117559566628 1.76464296394 -0.00347485492049 -0.0134005202031 -0.00334142737443 1.74641710079
1.88492737921 -0.0072980136383 0.00396779202599 -0.00718276414918 1.88675694405 -0.00279748197575 0.00400734193953 -0.00260490870922 1.90662806348
1.83534669902 0.00165160317192 -0.00443015218383 0.00199895180642 1.84908177436 -0.0021742445535 -0.00446669624595 -0.00214136592364 1.83149063484
1.8392966615 0.0012224568593 -0.00448242195215 0.00135840109941 1.83122203458 0.0133001148048 -0.00455044675225 0.013320535611 1.84517927541
1.85740417437 -0.0058861440766 -0.0309994594124 -0.00563951166044 1.87368535598 0.0169513821093 -0.0308988113679 0.0173224312109 1.89797130797
1.80222206836 0.0203857892014 -0.00558507029761 0.0203214251978 1.7870956567 -0.0129045387558 -0.00555202178428 -0.0126469886118 1.7999451983
1.90656836644 0.00374023856113 0.00580502695586 0.00367866943204 1.87354328651 0.0097228869775 0.00581439935242 0.00980232726901 1.90356819752
1.80320424452 0.000219140794475 -0.0021185434437 0.000299617475718 1.79923588737 0.0180237898361 -0.0023763416183 0.01810402089 1.78317056341
1.86351263297 -0.00747071360305 -0.00282343733893 -0.00714542007013 1.87934743288 -0.0179600297337 -0.00275274166923 -0.0179116783872 1.89247230181
1.82169560409 0.0287701614756 -0.00812502111792 0.0290679207372 1.84247205763 0.000920318199153 -0.00786545996247 0.00136058934274 1.85483655634
1.79031574371 -0.0104249319504 -0.0059709063778 -0.0103131570982 1.81871726487 0.00866894732556 -0.00594155789844 0.0088643825757 1.79044123176
1.82184960872 0.0189652735532 -0.00400114831377 0.019122706372 1.77135050155 -0.00215673622177 -0.00400821286724 -0.00209377831119 1.79615453226
1.8672837137 0.0146473752777 0.0100792278486 0.0146893991128 1.87043635187 0.0100477223343 0.0101458649223 0.0102788351568 1.84353392076
1.86260740011 0.00950935583955 0.0219278366819 0.0100325651197 1.83498283558 -0.0162810505422 0.0219738031017 -0.0163753321591 1.85669099759
1.82727498849 0.00403686645886 -0.0129370826576 0.00417779697399 1.83820765093 -0.0078372379753 -0.0126533358011 -0.00757720691263 1.85975956019
1.80183317986 0.00405290241712 0.00985096196083 0.0043861195217 1.80364940694 -0.0170482025956 0.00967044716174 -0.0171973030554 1.79189220319
1.78292662022 0.0045976084829 -0.0114687472551 0.00497069290557 1.77107539587 -0.00269467026421 -0.0114725675444 -0.00249051811369 1.77163128444
1.82780115099 0.0214187560037 -0.0038309842553 0.0219173163688 1.8713088162 0.00907725353545 -0.00358681270951 0.00934585291218 1.83492050166
1.88242466951 0.0132142769408 -0.00260243321344 0.0134917751628 1.90251823067 0.00363554774301 -0.00241146936429 0.00401254292714 1.90088286795
1.86499588068 -0.00118692599594 -0.0148048268315 -0.00117720266234 1.80945027448 -0.00234352864535 -0.0149827726019 -0.00207591435836 1.85944577271
1.85780343645 -0.00185739300126 0.0116565959697 -0.0017499875951 1.83749887974 0.000767044233355 0.0118444710872 0.00110147561136 1.80871959949
1.84875646228 -0.00391034652794 0.00142351745631 -0.00363057574325 1.84920414048 -0.00531433443784 0.00147866833239 -0.00512972943537 1.8897069018
1.80890767404 0.0107699108579 -0.0118634239607 0.0109395936337 1.79908777229 -0.00136647026543 -0.0115528249856 -0.000982080949036 1.79203191962
1.82749483817 -0.0142931095897 -0.0100571138812 -0.0142067220267 1.82559549019 -0.00897722334525 -0.0100393885517 -0.00858096828123 1.79833731942
1.738721823 -0.015645098437 0.0135812018311 -0.0155966155077 1.76076824659 -0.0110202142918 0.0136637080585 -0.0106337613131 1.77952709462
1.80824041245 -0.0176858733372 -0.0134372332586 -0.0174548508379 1.79554400659 0.000854821619714 -0.0131898271442 0.00119125067144 1.80147426065
1.83401219732 -0.00706692505934 -0.0123637810306 -0.00703517101417 1.80793634497 -0.00553235282008 -0.0124610044261 -0.00576232217572 1.80218794606
1.78931859847 0.00119166414877 -0.00664194280671 0.00128447381772 1.81540303936 -0.00759694824414 -0.00662978838914 -0.00763790825143 1.81229749497
1.83649368998 -0.0063504727297 -0.00619906825863 -0.00610218306494 1.85984928652 0.0324350352682 -0.00607113108263 0.0327097102848 1.8404676898
1.82720746042 -0.0132916332329 0.0180898332186 -0.0130184658959 1.81846847959 0.00968498288378 0.0181326433816 0.00980832355803 1.80356057553
1.77449577892 -0.00264921694265 0.00176473225173 -0.00255431530748 1.78895491563 0.00918003142981 0.00139525305151 0.00927985574613 1.77579618741
1.85869268517 0.0110839997163 -0.0166376491433 0.011210386068 1.8460680637 -0.00617564854791 -0.0166469259731 -0.00584303749693 1.83197464434
1.86381619704 0.00711267432598 0.00439064086019 0.00757010823403 1.84339151424 0.00361846829552 0.00425505718091 0.00365780408376 1.85209383823
1.7577298315 -0.0109028477951 -0.0198688284763 -0.0105860047644 1.81171827696 0.0134174352641 -0.0199082431278 0.0136521982518 1.77970221334
1.8307190023 -0.00952190732629 0.00776168397224 -0.009354801338 1.81817704824 0.00416778154072 0.00760672725244 0.00437824143319 1.86897575133
1.78026171468 0.0177411377091 0.00146685132258 0.0177680013042 1.7747097677 -0.0162948628809 0.00152659536259 -0.0159985295929 1.7602034102
1.84169330488 -0.010138449743 0.0104281121838 -0.0100559460356 1.86332739848 -0.0216095620183 0.010447673391 -0.0213843976104 1.8281950991
1.79583825964 0.00410227222954 0.00494923762557 0.00391329049734 1.7979157817 -0.00710975964955 0.0048384800674 -0.00688344356727 1.78909626353
1.77042714995 -0.0116556277217 -0.00709031451233 -0.0116436664468 1.75970893944 0.0109474313704 -0.00711683913967 0.0110660817844 1.7464680076
1.78523143996 0.00765532933134 0.00623509112627 0.0078670117918 1.83112802514 -0.00485154841431 0.0061320708605 -0.00454964909969 1.82760777541
1.91103306852 0.0105919542833 0.00893623715914 0.0111252727045 1.86901475264 0.0114523577068 0.00910100280116 0.0115289112078 1.89028666898
1.78179130422 0.00718113706462 0.0117150907917 0.00729057427453 1.75401219661 -0.0103611695051 0.0117971695422 -0.00996986863625 1.77763674292
1.76646098243 0.00806932905426 0.00186747474454 0.00842931944166 1.76426013232 -0.0270044212822 0.00211821662324 -0.0268036526055 1.7598800715
1.7895833386 -0.00689529316891 0.0170256173947 -0.00677315263584 1.78870799898 0.0058856905191 0.017028042964 0.00592972695816 1.76923047694
1.82083562936 -0.000592066839332 -0.00807907030196 -0.000316819560301 1.88158854249 0.0075293806987 -0.00814317362541 0.00762382597045 1.79653918572
1.76612388176 -0.0121090300128 0.00639002196918 -0.0119151001875 1.75736137563 0.0104530682463 0.00646891889148 0.0106823056024 1.74833597774
1.79733928726 0.00782641185407 -0.00672550193999 0.00819255039769 1.80177078988 0.00563698878091 -0.0067066030488 0.00575802136692 1.79626417225
1.77512284857 0.0105218563753 0.0118729950096 0.0108818228472 1.77741797935 0.0213948209414 0.0120070911854 0.0216380254548 1.78835261643
1.78437298744 -0.00254726259923 -0.00439942898572 -0.00219977906556 1.78634138922 -0.00554759724973 -0.00430064563153 -0.00532797016382 1.79426080368
1.83271119029 0.000380587168905 0.0149612323425 0.00053585018304 1.82142998715 -0.00520345202376 0.0149298885753 -0.00510125627569 1.83337236766
1.82830846457 0.00636264654076 0.0101415230472 0.00622363239304 1.84113621713 -0.00585990509358 0.00996567420545 -0.00539962580636 1.81712094212
1.87743236003 0.0106598175982 0.00722470226253 0.0109406965554 1.9111509644 -0.0132350761421 0.00729015993811 -0.0130408424725 1.85781274465
1.82285440451 0.00371287717098 -0.00791374267846 0.00396474954007 1.85264348313 0.0148346024151 -0.00788285043294 0.0150218449016 1.85833426262
1.79798906961 0.0134778697461 -0.0072438479873 0.0135053354471 1.78170152204 -0.00949143195306 -0.00731502372235 -0.00920296943712 1.79460034084
1.78333023211 -0.00241824858079 0.00223115808669 -0.00215883604456 1.79303936866 -0.0268149211828 0.00206551382115 -0.0265940463933 1.78629796263
1.87393659066 -0.00998665588864 -0.00569713466237 -0.00979186928532 1.88724293426 0.00928840189105 -0.00555065945053 0.00969727415701 1.8564709309
1.72290251537 6.8043667494e-05 -0.0145178978379 0.000364047551259 1.73831981393 -0.00483144070953 -0.0146721628343 -0.00473077730645 1.70551081925
1.9209635677 0.0147303194918 -0.000834556053594 0.0149082402213 1.90294533501 0.00519286987033 -0.000813921329328 0.00543061971592 1.88237922005
1.8570391534 0.0088870486364 0.0153435658511 0.0091360693986 1.85597365039 0.00807158481214 0.0153520799077 0.00840573271665 1.85284709502
1.83531540868 -0.0106036485764 0.00732790561233 -0.0104014425486 1.84458183797 -0.0126263787153 0.0073993817995 -0.0125339364521 1.83135386504
1.70182769291 0.00279641186268 0.0135713057436 0.00278656867314 1.69031871924 0.00811757048238 0.0135653624305 0.00829714879404 1.7150810429
1.79725110421 -0.00346851854908 -0.0109467325889 -0.00350773390099 1.76955789146 0.0224096254834 -0.0111129283154 0.0225858974315 1.78346660394
1.80728709556 -0.0015980950669 -0.0025280953057 -0.00139628628139 1.81105486063 -0.00740430649878 -0.00275163739998 -0.00749633792005 1.79020905148
1.7371752397 0.00359926808311 0.00939304117639 0.00375367456828 1.73640115753 0.0107383520977 0.00940693918341 0.0110807016479 1.7407953128
1.86458408821 0.00521329281288 -0.00654749447592 0.00543907942238 1.86650073292 -0.00806015932933 -0.00659310260133 -0.00788342034382 1.86950378659
1.81139356777 -0.0125764235284 -0.00455132359401 -0.0127550890209 1.8394438466 -0.00230441592937 -0.00439830671949 -0.00172331084717 1.77507562243
1.88498786649 0.0183571157576 -0.00970865998415 0.0187614549961 1.9136699608 0.0157010627469 -0.00961495779873 0.0160353515222 1.92390317718
1.84211760669 -0.00140097171051 0.0101024987935 -0.00111978280833 1.80536772006 0.0181024608542 0.010085575177 0.0183386294645 1.83634073981
1.8860366576 0.0125581321722 -0.010997164176 0.0130624438543 1.86261388655 0.00876939100236 -0.0109516554158 0.00895432393868 1.87868103646
1.77769134751 -0.0122403251908 -0.00499924079694 -0.0121047667244 1.77174127336 -0.000684180846801 -0.00493870480712 -0.000342223986329 1.79953789606
1.79824700546 0.00243059294299 0.00779747606559 0.00278006202098 1.78647605446 0.0164986373533 0.00783141626103 0.0166577728465 1.80570378304
1.84889713973 -0.00337044720293 0.00636316747188 -0.00309733307111 1.82200831323 -0.00602944147078 0.00633898363062 -0.00585571426637 1.83215649523
1.91076290119 -0.0130030257713 0.00298387696906 -0.0126746423437 1.91418168461 -0.0070026177216 0.00307813485391 -0.00654559818637 1.88708240106
1.80113882834 -0.027228687677 -0.00818990266876 -0.0269783366704 1.83279826594 0.00611816556759 -0.00812165336365 0.00632044228634 1.81178954636
1.87324230969 -0.0102906318952 -0.0076202907887 -0.00980406303208 1.86708728765 0.0163227489709 -0.00760552354543 0.0162592246261 1.89030942452
1.77406608633 -0.00351262350584 0.00989112058643 -0.00337775617981 1.82138924138 -0.00381066644 0.00993124015499 -0.0037598880555 1.78931488338
1.80480849505 -0.0238967668905 0.00425305148266 -0.0235801999625 1.77715906485 0.00620278962905 0.00431848391317 0.00626933807542 1.79765319552
1.71630598054 -0.00941527371212 -0.00220077001931 -0.00926688406001 1.71975129607 -0.0131365088586 -0.00211288441416 -0.0128490468917 1.72138446662
1.74015474029 -0.0141709103702 0.00657297118882 -0.0136685829667 1.75007537438 -0.00373434895034 0.00700316131168 -0.00343102968563 1.72098272252
1.79734203978 0.0139463669622 -0.00860217175488 0.0140084546107 1.81574284946 0.00495817508559 -0.00858752951783 0.00543136083592 1.81736225429
1.82205557825 0.0032288886413 -0.00717137773053 0.00365552109376 1.83025920326 -0.00340524313286 -0.00725943328861 -0.00338788093926 1.82989240472
1.90258052152 0.000193070821711 -0.0145549384423 0.000276711728364 1.87662356327 0.00370592788867 -0.0144979029955 0.00394599081115 1.88724074568
1.86931396258 -0.00366236769431 0.0140955949518 -0.00313711758691 1.85532465774 -0.000703056937121 0.0139816155955 -0.000886892903224 1.84937511107
1.84318133569 -0.00967098229107 -0.00305417454515 -0.00936825757425 1.84530128106 0.00923607127643 -0.00296691117184 0.00928997996288 1.83042443534
1.77391563211 -0.00267760346268 -0.00924610063627 -0.00257262514794 1.75246448284 -0.000557747235806 -0.00919099664931 -8.73980587201e-05 1.75941023086
1.79171083964 0.0249318653483 0.00765305994106 0.0251855564509 1.795328108 0.00108517365421 0.00769323654779 0.00149240822162 1.7733340154
1.78597978579 0.000770546873441 0.00869264054694 0.000942736946334 1.76763388911 -0.00264417798978 0.00846774302662 -0.00271820427521 1.80070953563
1.8127888471 -0.0114367563075 -0.00898258476767 -0.0112798560568 1.8115627892 -0.00323020873784 -0.00899324686124 -0.00294150313165 1.78859699273
1.84193051131 0.0131695521629 0.00554398271646 0.0133324070235 1.82421954478 -0.0178401422731 0.00575182295477 -0.0174678004821 1.84371808265
1.80610793781 0.00658671868988 -0.00564222177654 0.00682537318871 1.78008014883 0.00309415933162 -0.00549013763949 0.00341507527191 1.79283083011
1.75538332077 -0.00664469329425 0.00317172970869 -0.00650464678228 1.74077743298 0.00314360726692 0.00325374539669 0.00330047336532 1.74874808678
1.83801376278 -0.0183070343699 0.00885877485477 -0.0181563415982 1.83820123542 -0.0156735375364 0.00875911776949 -0.015500535212 1.83528806207
1.83458783345 -0.000121098208066 0.00894343164038 -0.000207266665973 1.85778579394 0.0136661618585 0.00869403456997 0.0136755613687 1.87980993379
1.79362039119 0.00285000195592 -0.0175472219541 0.00300482062944 1.79044593587 -0.00465111634737 -0.0176171865841 -0.00431161579054 1.83458465811
1.90399506471 -0.0102949132358 0.00251180117772 -0.0102495152125 1.88874415537 0.00410775503002 0.00238377730806 0.00408466380299 1.91114314302
1.74687199562 0.00287238759737 0.00764413782119 0.00288599146499 1.75285365034 0.00557633809181 0.00755657704421 0.00588298686253 1.76892259049
1.81101899356 -0.00829406272372 0.00805050560927 -0.00787912528337 1.77109797277 0.00964986949528 0.00832359966772 0.00985017075352 1.78769284183
1.91181493201 0.00970782980928 0.0156725744156 0.0096478626614 1.88846933369 -0.0182052824102 0.0156358619856 -0.0177917756682 1.89248614223
1.8339147549 0.00694199072737 -0.00586296418621 0.00724225892048 1.82628062071 0.0140129471265 -0.00591286212924 0.0141400369358 1.83892809056
1.80377501324 -0.0126940871648 -0.00124717009614 -0.0125414238145 1.79148891492 -0.00135636790853 -0.0010373321906 -0.00119583949882 1.78149176281
1.86297010093 0.00914719478912 0.00185337775904 0.00916174828606 1.88631695886 0.00806620204593 0.00162014831128 0.00845610783472 1.88726324395
1.83140010378 0.0143600603259 -0.00909600077011 0.0146451736079 1.85242499575 -0.00635104616925 -0.0087347061942 -0.00602824532508 1.85281275232
1.86377608368 0.0141170181697 -0.00952454760735 0.0142490090385 1.85114729807 0.00280038207238 -0.00961017783762 0.00298260636675 1.87610181277
1.86711646952 -0.0393769951402 0.000489928760414 -0.039212788382 1.86024369025 -0.00513126882564 0.000410114136781 -0.00468607498386 1.85481314845
1.92861624216 0.000916631111271 0.0119662507239 0.000577208665439 1.94779728783 0.0136439997144 0.0114748603831 0.0137726428966 1.95571133584
1.87912637158 -0.00995420114033 -0.0139609449771 -0.00945877717735 1.86527663864 7.69049568879e-05 -0.0138335351276 0.00034656184466 1.85931633743
1.796642216 -0.0065114463393 0.0102514852717 -0.00621185319983 1.80496096109 -0.0126349089606 0.0103751049113 -0.0122904653076 1.83506961818
1.83943261349 -0.0126458602357 -0.0185169984919 -0.0124783712553 1.84610355827 0.00157154495512 -0.0185517684924 0.00174543317262 1.86467233368
1.76543319643 0.00529500797869 -0.0046907689817 0.00572006707814 1.77014065057 -0.00431637098368 -0.00466255769333 -0.00431497642845 1.75520886018
1.82239722573 0.000875855075492 0.00150481124114 0.00110491778655 1.81928356099 -0.00270106837332 0.00140602704521 -0.00266353808275 1.80754116597
1.83094522677 0.00494020833885 0.00534299133658 0.00522113550669 1.8593462894 -0.00922109244573 0.00553493044689 -0.00899697748434 1.8267673101
1.78867966839 0.0220078451257 -0.00156460050368 0.0221589831499 1.82574112131 0.0165725084567 -0.00129592003009 0.0170652076106 1.80207982224
1.76137465959 0.0173064701027 -0.00339595115123 0.0175386451952 1.76313718134 0.00753919901771 -0.00309362993292 0.00789400291855 1.75725167139
1.80860578782 -0.00916738197293 0.012933061535 -0.009009803256 1.80770354634 0.0161308923249 0.012773317222 0.0162575712395 1.82756094842
1.81130562744 0.00894542370395 -0.00113122286484 0.00939560824876 1.77919500483 -0.010171011691 -0.00126392286436 -0.0100626316017 1.78276370811
1.86032194288 0.00426408397392 -0.0378144150253 0.00461841628429 1.85745482673 0.0196917012352 -0.0375569773278 0.0200932609599 1.90097710426
1.88102751247 -0.00350401294098 0.0017104101638 -0.00326650750692 1.86135066596 -0.000409189254218 0.00157814740214 -0.000203512016186 1.86576952182
1.84611246209 0.00163042701192 -0.00274211570101 0.00178532887579 1.80880574026 -0.00382308740916 -0.00255689803713 -0.00347140944367 1.83984968316
1.80662392054 0.00988175249195 0.000758779384249 0.0100557657342 1.78983118818 -0.00574523697825 0.000870827792437 -0.00539546421909 1.78701354059
