174.840913022 1.24116760121 1.71516004308 1.26057573961 168.315398155 3.46260307635 1.74847936561 3.53601143528 173.920704379
165.653336475 -1.92479403195 0.848797492599 -1.9077828283 170.228565989 -5.06393562474 0.799471242792 -5.02949351785 165.951088563
166.99436677 1.99214208539 -2.01044748075 1.9708989097 180.348524751 -3.82935360111 -1.99889430592 -3.70133650243 165.370114986
169.093769785 -2.86372788236 2.91077070998 -2.8267125898 171.967252226 -2.00891988601 2.92175108583 -1.94625627438 174.108814614
164.033401349 3.34010892727 -0.272932712614 3.37289578473 162.076104428 -2.01273868739 -0.298491174321 -1.99850747055 166.151674145
169.706645825 -1.18783467409 -0.437498781477 -1.13956467575 177.22404345 1.83780223401 -0.446487412169 1.86879723361 167.756553415
178.021864822 -1.20955026397 5.13956181197 -1.1316208115 170.744995282 -3.25001604088 5.11897253006 -3.25082147773 172.281606053
169.894627031 -4.4628190919 -3.34469313257 -4.39648848839 168.203293837 -0.00595171350986 -3.38461468663 -0.0135814299372 168.936119112
172.796013312 0.861220888601 -1.48705414094 0.936883070067 175.095482637 -0.396773213791 -1.49522747218 -0.321844831127 174.194344032
167.86050851 0.355423966596 -3.92436644041 0.39095852953 171.479287141 2.5103506558 -3.88588589195 2.58510766261 171.009867262
163.819468485 -0.628364985569 -1.23738213523 -0.594103805036 169.62977699 0.430912996701 -1.27376622852 0.473306936709 169.580663765
167.312561827 -3.11669627533 0.293291583068 -3.09438248607 171.650647504 -2.69046910796 0.267023294757 -2.61323974372 168.348961386
166.628820938 1.5129366205 5.13526339182 1.61772648836 170.983782872 2.09171372391 5.15751727163 2.08882583741 165.312455184
166.091080424 -2.32072894644 0.00686498804205 -2.28775388212 169.731882908 -3.15080579479 0.00815563433683 -3.08804525329 173.355303561
168.788700098 1.49412345024 0.395969178464 1.56942732196 170.640469506 2.01299986487 0.399815669019 2.0486135668 171.047078703
166.422127391 3.03225664578 -2.47770102076 3.11421899826 168.590633535 3.2081487777 -2.52410718324 3.19764336853 172.915417429
167.375036467 0.13980404499 -3.48299432387 0.145161116747 170.689509264 -7.70858679364 -3.55944668287 -7.65642449248 170.066186035
164.436149615 2.04989042135 1.32974022465 2.11548255463 165.250417569 -1.18902273847 1.3325795957 -1.2017076124 177.585014258
171.803065805 1.71430760152 -0.28123756667 1.73097912114 167.328438822 0.538604431014 -0.280771142891 0.573942837113 170.191328751
174.885798796 -1.3853349278 -0.824438910416 -1.37720745656 173.156791873 -0.220975050141 -0.828666750544 -0.155178494814 172.981351496
169.942638543 0.123071691176 3.91920444387 0.208766396825 168.074334067 3.41056130777 3.93705583516 3.45617528618 168.749916834
170.748290533 -3.43451023338 2.68914154264 -3.4279943901 171.111582335 -0.873859413766 2.66136272421 -0.842918630224 166.816777579
168.815006836 -2.16835357021 -1.28095651031 -2.11546819464 173.018351659 -0.421759736649 -1.23649917076 -0.332956662639 168.205197348
168.61725433 -1.99002632779 0.752439917494 -1.9541539967 166.693527183 -0.746985192035 0.735367034366 -0.700115469855 167.29199925
167.312154048 0.291305200324 -1.08312209191 0.307586402747 169.027371566 0.426637408842 -1.08155512354 0.500993901284 162.683874217
163.693813885 -0.99950682159 1.55395288042 -0.994049324483 162.875855871 0.635862608452 1.587088315 0.715573253425 166.754497659
162.955977284 1.64184053448 0.942928246605 1.6360241192 167.024238156 -3.80716074054 0.941149261626 -3.7878508277 166.134062628
164.649823643 0.84588387144 1.42107542254 0.910083552574 161.748375588 0.142648658833 1.41415664055 0.188945472063 166.954313906
174.535559392 2.91467106465 -1.39947511633 2.98135073121 180.978422621 -0.127129252578 -1.40805684988 -0.15467464429 175.844158948
166.951740352 2.74523637923 -2.84553396376 2.77579960307 171.074054936 4.45199653822 -2.79938399964 4.55254365609 172.049829686
171.547927046 -3.74990494508 -0.885183280324 -3.69247754713 177.079690457 -1.21038459391 -0.883884780953 -1.19660681466 170.511549713
179.896196691 0.639442483563 -0.822857477353 0.676588956543 175.393491883 2.72153169846 -0.807144039783 2.74631863076 171.875860793
174.816723388 0.636817001002 -4.04937779532 0.656903379185 173.132973778 0.689078272697 -4.05502248371 0.746599423793 168.224929262
176.548629265 -0.117455509862 -2.2062783088 -0.0532143866249 173.505610156 1.39372327996 -2.21129078957 1.45990731637 170.615500178
170.726570861 -0.787141349041 -0.884152360611 -0.758777502275 166.341621901 2.81632206542 -0.907760088217 2.85219997393 171.41266717
166.731484819 0.331794971275 -1.30121392561 0.371239503915 171.837947812 -3.28622045993 -1.33329743823 -3.22348298518 169.318423819
168.854708797 1.21895138506 -0.66555113035 1.29779762597 169.089085905 -1.79992903168 -0.643450455288 -1.74816666836 173.304032747
170.987096758 0.349973683611 -1.94456722271 0.315947977631 170.223693464 -0.167864720377 -1.96609537345 -0.105949763438 172.070729309
170.888432711 3.38949086331 -0.924265668559 3.44642135939 173.302537381 -0.00860578788594 -0.874185739087 0.0815840005367 169.828887161
171.267664089 -1.32282456454 -1.15408631366 -1.27607747024 175.790302725 0.938809417913 -1.10415917854 1.00399574391 172.247777142
169.882016931 -0.78580572357 -0.235496660975 -0.756663817884 169.05307784 -0.916653701271 -0.260755798996 -0.898021644005 172.763461151
161.143654548 0.608148175654 1.00272245206 0.648139588118 165.504584631 0.228481869184 1.01661990558 0.246389398348 161.99801567
173.955936791 -1.69043724531 0.515327320506 -1.61855950808 171.166148403 -1.12954016041 0.518744436844 -1.13446367542 174.099839565
167.522428188 0.139513832511 -2.42113102762 0.206655252413 162.427274799 1.45681264352 -2.39566523629 1.5016511446 164.625512941
174.694532679 0.477501456862 -1.90413201776 0.507124362474 163.742828372 -3.89936750538 -1.91649608759 -3.85493257229 169.711718343
175.141867411 -1.07036119348 -0.149685924058 -1.01638038906 170.042000957 1.92201849665 -0.170996025335 1.92814294889 173.686673032
169.314362473 0.953560733281 0.0757610022785 0.984923130596 173.079095158 -2.34701695641 0.102763750381 -2.24369922349 174.497336826
171.392395594 1.28321707018 -2.66369919726 1.40196438948 163.238415517 0.448630793755 -2.61626952632 0.529518641243 165.565192664
170.64466603 0.788999151966 2.2507482486 0.793867517216 174.998225933 2.39884097216 2.2549306326 2.44745355708 166.833792585
174.587273664 -0.975709111562 -1.11064836704 -0.988863303183 178.053843233 1.25502328067 -1.14345714212 1.3621721937 175.442670844
167.400453211 -1.90517998251 -1.34244790709 -1.83709241633 165.731685625 -1.96471878492 -1.39531655594 -1.95849389518 162.826007653
168.098214436 -1.37053677487 2.9417244584 -1.29743910973 170.7108637 -0.253549346598 2.93187884668 -0.24072115524 169.024991174
167.290416609 1.91138127087 1.73740414461 1.93801863958 172.583207948 2.43282120087 1.72513424511 2.48974817476 173.525583883
173.57153445 -2.34855099111 1.47641487016 -2.33322058702 169.458240779 5.60031446317 1.43777116052 5.63229461199 174.173643389
168.98202964 2.99952165006 -0.104329029796 3.03031920361 170.952887244 0.226797784002 -0.111696996836 0.245294539573 168.463916559
165.739023854 -3.57331621113 -0.901893982086 -3.51457497791 168.364819609 4.76775011004 -0.862433220197 4.80095051771 165.137647102
159.448262908 2.53820836034 1.91807381792 2.58757311307 161.433525239 -0.00365986146856 1.89452716716 0.0501211437463 165.746423649
166.83657161 2.10863481303 2.10591950034 2.18209774908 170.780712782 -1.03656641406 2.07697695896 -1.01354955801 164.280743282
173.035231764 0.620682930896 -4.23685424865 0.738059621331 173.161320472 2.19352102222 -4.18961197055 2.24316754086 168.148209298
165.801447244 -2.34791825925 0.277204347807 -2.33040825201 168.722939416 0.870773547392 0.224455699189 0.924785586553 169.940448276
166.529342439 2.76832563674 0.472418520172 2.78083274368 167.869368806 4.67616308393 0.451698396918 4.74046166409 167.31819337
169.682024047 -1.80700790478 1.74384726236 -1.72834729698 167.716952859 2.12586903189 1.77264174564 2.16874642062 170.492576935
170.97729084 3.18990490446 0.0582405145142 3.21453272562 167.021786056 0.771915545535 0.0593228398487 0.811053571902 170.252764268
167.505688659 2.62121503056 0.780766055226 2.64944012586 165.434053619 1.17753307773 0.745631633949 1.23723511531 171.085873001
168.447477595 -5.07225458041 0.817362439558 -5.0378011965 168.636219231 3.63633019592 0.762411547863 3.68089906736 175.215849905
175.211867917 0.0148484951972 -1.19504236218 0.0777583100604 170.669114841 -2.49063562706 -1.18089806283 -2.47009191585 171.825737807
168.976799844 -2.02275563552 3.26068181698 -2.01498091495 162.202486652 -0.580520540727 3.34016806584 -0.481596927488 177.164978853
171.05047345 0.501882636258 -0.308564084795 0.589520363788 161.327130091 -1.67272396607 -0.292826112607 -1.64614341179 162.898563379
166.030774813 -1.93430040621 0.329941532044 -1.90222731113 163.412974478 -2.97314471503 0.371457459324 -2.93181394043 166.70068641
156.171598478 0.0485719393225 -0.743650400835 0.0961451622007 154.052267941 -2.03872951986 -0.714210181707 -1.99623635324 159.869332352
163.236448926 0.87229549258 1.17255240129 0.90739704903 163.697129399 4.07497779355 1.20436672513 4.16030142914 170.96797391
168.2616834 -1.13091164765 0.95280425947 -1.09954800842 170.311416318 0.210516951394 0.934177827078 0.277660032038 164.165189632
168.569025194 2.24594621337 -1.54428912555 2.2916458656 172.471934101 2.00369468259 -1.54247434544 2.07738757428 163.156258236
167.747315659 -0.931875480852 1.66044734136 -0.867902517887 168.224735707 0.0629104112469 1.64690682556 0.105644913651 176.643621777
172.941803375 1.62670478131 0.530152828068 1.65004250904 173.298645304 -1.47376219193 0.535122502297 -1.42992954639 172.204633986
171.343662432 1.30808718519 0.212029045411 1.34577237024 168.282580031 2.91811350484 0.264187254151 3.03690125373 170.847581648
167.757952115 -3.44075959988 -0.0322989384712 -3.36969748598 166.756533501 1.02565718429 -0.0370289869595 1.02433878837 162.992253253
169.694880956 -2.03389616404 -3.42342872697 -2.01622618986 168.650766001 2.69597568485 -3.43357864047 2.66073367772 175.228161839
173.226458833 -4.79787232946 -0.697297308409 -4.75862606621 166.171350986 -1.32909157189 -0.764929456422 -1.37840141474 168.893558936
170.816393521 -1.42698397406 1.87829560412 -1.33726297376 166.237654794 0.278702605493 1.91630189373 0.284636377516 165.120291668
175.995304518 1.89913182693 -2.6764979632 1.9597572808 165.092065754 2.68963848903 -2.60975509195 2.72319384768 168.100920316
170.034059173 2.70793028341 1.09366201711 2.71334103437 174.427784586 -4.86478721998 1.08327592212 -4.86143180452 167.340974872
171.898558602 -1.24794769581 1.67086353534 -1.17555332874 173.529608043 -2.47294615573 1.69101999553 -2.40817576306 176.447426163
170.507536743 1.45712868389 -3.71637926993 1.44579806857 171.511797578 1.35481183244 -3.69502809424 1.43702100218 175.292802361
175.931260094 1.36974253971 -0.10156616674 1.34934680081 175.217961865 2.483222731 -0.0584913370841 2.51243060952 173.098798525
166.915237303 -2.52992465463 1.44607887119 -2.47434780527 168.874956299 0.0484878045966 1.44964064436 0.076177331949 164.675131053
169.245308637 3.53945165508 -2.01622221009 3.55698989877 168.094295129 1.24264891022 -2.04243848587 1.28517886086 174.767122983
167.051712723 0.445283738834 0.376380927635 0.479954217396 168.754409455 -5.64620616002 0.414761186324 -5.59444564833 168.791298355
166.572290294 -0.289490179894 -0.702527667423 -0.200632332114 169.581962858 -1.10733742847 -0.674528365579 -1.06535527674 168.394334406
167.310590672 -1.40672351927 0.393784936859 -1.39107638152 167.287698874 1.1796905396 0.438449683061 1.22251556539 174.15869488
172.78460354 2.46651018019 -6.7264148293 2.52175788929 173.64898446 0.917502695689 -6.74422830576 0.939918619193 169.568726142
170.910919496 2.0485761617 0.113243005761 2.08289058993 163.378623767 0.671806224905 0.143016273374 0.732236045817 169.782597644
170.880333923 -0.420522502771 -1.42857135554 -0.433307828038 170.4948826 2.21460575963 -1.46024597696 2.24159892256 162.668631457
169.266801944 0.635385194696 -2.77102978625 0.704826782918 171.90827266 0.679648294956 -2.83950410746 0.713431906039 172.113926059
174.419813196 3.0409522583 1.21715162587 3.06254742987 169.906053168 3.3899946677 1.22255477065 3.4660546791 168.70607605
164.930459738 2.31307536545 2.76181619369 2.37852381853 172.85905772 -2.37391563614 2.73355738646 -2.40147326123 171.204035809
162.7735685 0.00445201003097 1.22661018211 0.080711239786 166.540722303 0.295894232737 1.21013572271 0.258098669243 167.478463535
171.343274834 -1.01575552993 2.16933182272 -0.95707072977 169.804854223 0.976385363556 2.21209674723 1.04088639705 171.916033381
175.001919546 -2.76255661256 0.586952159985 -2.76828011149 175.352182567 1.39433537738 0.543330651337 1.43942150242 171.936243784
168.087462752 -0.391608724063 0.550002990667 -0.395057368568 164.502088565 1.27402978111 0.5134998453 1.33230499447 171.211240978
162.544118475 1.59361786421 0.831379459812 1.61049208068 161.104898717 -0.224553473191 0.885007437216 -0.0898567558972 165.683665944
174.72782523 -1.55203532398 0.643250853413 -1.46763626097 165.853327668 5.67037619968 0.654693427404 5.71870257176 168.933266158
170.726979654 -1.62017193152 -2.77494063066 -1.60180683771 167.589320871 -1.08804904111 -2.84392162086 -1.07614324055 168.152029773
170.323066135 2.15173074253 2.21456470482 2.26414373738 171.510530934 0.208368068913 2.21837961704 0.177495841705 170.371235485
170.749847923 1.07890706373 -0.30976352508 1.13414957984 165.907622091 -0.834351005232 -0.339682912134 -0.853547365559 169.062248609
169.565798382 -0.285869315256 -1.0057824458 -0.199238616133 168.668218185 -0.21324620732 -0.977118214239 -0.172688147457 167.09157451
172.354258803 -3.7283888049 -1.9614559496 -3.71597638858 167.367091849 3.01838778861 -1.95929709367 3.00912924972 174.35308275
168.772005861 3.54153479426 -0.578151507698 3.53150034552 173.343713838 1.0391889742 -0.566280021055 1.11589314183 173.065561325
170.3029968 -1.4550425718 0.510974375318 -1.40951902784 172.155222155 0.474519932836 0.489546114851 0.47621651652 166.773211337
169.163548733 -0.808531484049 -2.92453119278 -0.775959096883 167.197764284 2.07923970195 -2.96856811213 2.09835222644 164.466456475
175.064494787 5.23870155256 0.765468382159 5.27767570029 167.725642692 1.85881162413 0.808200526173 1.92812655764 173.467196999
174.290909933 -0.373775186228 -1.10654584426 -0.338826459311 173.616454705 3.44573733271 -1.14722484405 3.45680917756 176.110674355
162.612415156 0.987217731825 2.2584202866 1.10446174812 163.088346432 -2.35350068641 2.25652165536 -2.3878555872 159.664319615
169.337613845 -3.53891982152 2.12663771126 -3.48989884958 172.042876089 0.605884451116 2.12628650551 0.634092709454 166.496058367
171.758640807 -1.47710182063 -1.15577150414 -1.37519271848 172.313083044 -1.42995698102 -1.14065762786 -1.43587745555 174.235332051
170.285070175 2.87270093088 -4.04737392761 2.88035105457 172.416713556 -0.152287633503 -4.10362443576 -0.15441635112 174.459782995
165.203888473 -4.01730050134 -0.804159110569 -4.02028380741 164.068704349 -0.175518135216 -0.776916235197 -0.124211399735 160.87214627
167.212018442 1.51108885977 3.23528472527 1.50547652857 164.952195676 0.385493692274 3.2466361317 0.495234399987 172.724173152
173.553235917 -0.173958398242 3.72570170238 -0.0915319748994 166.123291234 0.0706388855941 3.71829093554 0.0896612620045 177.055339922
163.135028891 2.79820437156 -1.99353285483 2.84908977404 172.28924715 -3.51458322155 -1.97912470169 -3.46426471565 166.508451314
166.306569154 -1.80204000717 -2.35880297626 -1.74950159985 175.719045376 3.23757653859 -2.36637819364 3.31911667965 167.823276855
177.644922214 -0.778825636453 3.96585915214 -0.714091009983 175.879336319 -5.14482220469 3.96196271047 -5.12461109721 178.530851068
166.692884104 -0.124597345418 0.233481445812 -0.0904767379214 165.759698848 -2.20815864711 0.229045265839 -2.17776130415 164.488609267
164.811552982 -0.0526210476591 1.3070696519 -0.00105791958418 163.876477644 -2.62234420538 1.29223521293 -2.55232270507 167.980135149
167.906444651 -1.16735731479 1.9095847177 -1.16201768891 168.215481474 0.0645690058006 1.9261891426 0.14346654134 163.799851547
168.408295696 -1.60445559144 2.51330588017 -1.5786402891 174.451553122 -0.381532664932 2.47968538481 -0.357571295623 171.047737171
177.671344886 -4.46843395324 2.9380699309 -4.45096175617 177.323608713 -0.600793887653 2.92913233654 -0.59932138113 167.886253791
167.186990319 1.20098102364 -2.03482212706 1.26108150461 167.86314518 1.30831881661 -2.03455447136 1.30580523403 167.965038785
169.118532396 -4.72454378864 -0.795113186109 -4.65689178869 176.379198948 -0.417315092516 -0.826465095159 -0.407355681419 172.987635893
166.762663186 -3.10351584947 -4.4187278594 -3.07143367697 165.384144984 0.686185052893 -4.40167693909 0.753947798178 169.415317666
163.050017596 0.904504178752 0.399032246996 0.83050343364 166.01325675 -2.67669519337 0.369505152936 -2.57657404478 167.928279291
165.771163051 2.39815868478 1.91638904842 2.44915551016 173.832773051 0.97781113978 1.92560184836 0.989297337378 172.442933799
163.368018589 3.55272063082 -1.59668573809 3.56624372553 168.696585973 1.272639092 -1.64666342781 1.26823687952 163.587941141
169.987560505 1.09870014 0.123996186682 1.14122929928 166.527639937 -1.31508921516 0.108665411722 -1.33231145561 165.708637476
167.893880181 -2.36989272567 -1.64027494491 -2.33795127363 165.824086284 1.81472473793 -1.60822030372 1.85932868053 169.149403333
170.610336294 0.371054823929 -2.56915274862 0.406285943473 171.943823068 2.91979652556 -2.5698690956 2.9913039267 172.446752449
170.716208333 -1.31607847964 3.52818326157 -1.27290160155 166.044692107 -2.17077427922 3.53233180752 -2.11689347401 175.767396724
168.161874174 3.62500824044 -1.33825068221 3.72629621242 168.306050619 -0.712346381627 -1.32944314249 -0.689642334783 175.263652001
173.921307676 1.62456255349 0.950329460001 1.66523897288 169.439586046 2.18381125739 0.895821479798 2.24462224765 165.935883579
173.682468156 3.49539358576 -6.06171899841 3.53245743403 167.611613145 -0.912643478797 -6.13274766448 -0.918321212801 172.704831144
165.757415136 -2.43564029863 1.59809527081 -2.38524977806 160.903368432 -0.560739270863 1.61521046562 -0.4982099325 161.779002217
168.185611375 2.11580891834 0.565439845005 2.14442055945 172.784025265 2.8042320938 0.545142062718 2.84041408643 163.30334317
169.800815767 0.0420117206665 0.741195835947 0.062222779348 167.716210424 2.54879749412 0.767036988081 2.63140386015 171.558396374
175.940970222 0.14376269591 1.11417436755 0.182060183105 173.599929873 4.28206535565 1.07929660305 4.29684768588 172.093919752
173.028430218 -2.63742751247 2.66760147124 -2.61686248426 172.826419091 1.98219924218 2.63411203151 1.922930763 173.056278862
174.572038092 -2.3896888342 1.74361741789 -2.29099293127 168.016761645 3.01941063994 1.81371612109 3.04846753402 165.52704505
167.064860158 -0.0404417926211 -3.54362035933 -0.00451751084405 168.890920826 -1.24845887664 -3.58703892559 -1.25274269924 172.067747091
165.169394415 0.514545569785 -2.8885720546 0.579466890815 164.939022281 -1.8417215479 -2.8831597081 -1.79864163179 164.543936327
173.343710844 -1.32018608726 0.877409347258 -1.31643232814 172.64118848 -0.933030888266 0.882853974414 -0.886270080078 171.016766005
165.579224615 -0.884573599205 1.32895099394 -0.835558303306 170.716498121 -0.467945625984 1.33921474294 -0.459789663987 168.213231987
169.622974145 -1.96889141263 -0.917618821988 -1.87407590372 176.010175285 -3.52835030299 -0.919743303836 -3.4784516633 179.187454884
169.662912246 1.76340404261 -0.939711926853 1.84053990825 180.515593079 0.151107512888 -0.910310039099 0.201123965458 170.36892706
170.115973339 -2.83657877388 -2.12314824229 -2.83977424045 167.173219457 -0.585849967004 -2.18137428639 -0.533211954331 171.278750429
175.671661947 -0.954947032451 -0.0385437527468 -0.961061521739 166.131781976 3.73733314188 -0.0155913612501 3.76555002762 167.708203349
171.366930204 -1.09382480094 -1.24074080238 -1.07049581325 167.843347622 1.91092002264 -1.2655876194 1.95697470403 163.538397968
178.51758174 -0.533508011352 1.42896166952 -0.547562258833 177.32569903 -4.25795005749 1.44926103496 -4.17161501498 172.835986536
172.711710592 -0.463534457947 0.741514386476 -0.491867020184 173.301652479 -1.03453998491 0.67608757854 -1.00375881395 171.110510037
169.634840136 -1.83916105826 2.02043308955 -1.78457628798 173.570311601 3.52449357825 2.01621762885 3.58286293683 167.932321522
170.089360762 -5.53123458256 0.961332708199 -5.46059015631 165.278055821 1.0638979705 1.03522715623 1.17966623388 168.314187242
170.500515096 -2.80910666187 -0.290880480646 -2.77090003204 173.414666357 0.0671619886092 -0.268049044315 0.100263294564 175.9633016
163.653505782 0.880684635176 2.64296984182 0.887693077846 165.225874784 -0.418039366512 2.62633919875 -0.407784591204 168.178106768
171.542249976 0.283065883809 0.852477047142 0.31602890977 166.953886419 0.0637822889152 0.866978945802 0.115502755179 169.328296291
166.394677492 1.46391054492 -2.25487981658 1.47304316396 167.498424217 -0.599603264728 -2.30418028267 -0.578971052339 170.02955526
177.301715167 1.79065908353 -1.35478462355 1.86050488688 169.878171186 -1.27887705828 -1.36173257241 -1.23033130439 170.202954612
164.863538163 -0.870594371462 -2.65401528575 -0.773575782989 162.064701311 0.595670424542 -2.63816013506 0.622339436948 159.474566036
170.745676885 0.327227595618 -3.64772333758 0.366128577554 177.084802419 -4.55082640333 -3.68432402987 -4.56996203007 173.854065557
167.581650404 -1.43990580868 -0.63236524183 -1.41256769807 167.093947923 -0.117878387143 -0.651836722896 -0.0745377385759 167.352173805
168.747626619 2.30285738817 -2.82356759521 2.31335887122 169.069558234 1.30800543438 -2.83764090421 1.35589870974 161.500962764
172.325406584 3.63791933178 1.19336821478 3.6714587505 165.419149018 5.40864498631 1.206050216 5.46303931459 170.039719744
167.956941426 0.702745850343 -1.2406727119 0.706536557688 164.117672529 1.96627589972 -1.26624044173 1.98180551894 163.462394722
169.238352576 -3.8826441556 -0.646699800957 -3.86945314373 168.389019495 -0.571311047601 -0.666373811714 -0.525983868376 167.083211292
173.434183836 -0.520934707293 0.0639236713444 -0.494328595159 166.050377527 2.40399217547 0.068499412511 2.43962931844 169.726760924
179.850886462 -0.0165023859547 -1.50848290358 0.00363843812363 171.565442221 0.272821846789 -1.5325947443 0.26517770191 173.456832608
177.838439113 4.5621273606 -1.2024079653 4.562238248 170.568494945 -2.03619738726 -1.18086288104 -1.96512003086 168.137826119
173.303021882 -2.48967780259 -0.861469845235 -2.45352923916 169.298372392 2.1396827925 -0.875608907696 2.22681592054 165.36629635
165.108590825 0.507893138015 -2.5804179855 0.52625844879 173.310694789 -1.28439868006 -2.6085155444 -1.24226271166 174.09240922
162.223109237 -1.10027048502 -1.45006261368 -1.05884045746 165.003914862 0.00636923240683 -1.46969524524 0.0710541849911 168.298428565
167.111362836 0.584876891893 -1.47048474697 0.641469546894 167.240995026 -1.87323600369 -1.42742089528 -1.82847812249 167.444028129
165.854058114 0.209220961387 0.953295261775 0.227110257136 165.136254696 4.5293983673 0.977823796745 4.59026202735 169.337300856
169.908286214 -2.22377298061 0.668037567296 -2.15528313791 171.157867564 -2.70976936081 0.72308525584 -2.66510744381 170.447130956
177.928015253 4.27467096865 2.3306680093 4.2673648404 174.347960024 0.531618009706 2.27894691446 0.588328661675 171.711972331
169.614966896 3.03569883418 -1.09132027406 3.05886578362 166.452231028 -0.716144101494 -1.09286002705 -0.726569272078 166.360703587
172.678399337 -1.03860576063 -2.12004792907 -0.99643546 171.471648408 -1.33930151807 -2.10882144031 -1.28945259039 172.536669764
173.998681638 1.53915320382 3.54295989035 1.60489835157 169.897228357 -0.663012895801 3.56408930676 -0.587186688927 169.098814551
174.502854793 0.743924865028 -0.669466848618 0.808897395552 171.494012957 0.0359465422976 -0.629560930042 0.0916893945602 172.896670132
172.569477119 -2.5076704724 -1.07004200643 -2.50112088381 169.847011875 -1.39896056228 -1.06664345736 -1.34390199712 171.082570707
172.328030867 -0.367413728214 2.31772390289 -0.358787875807 176.365687349 -1.81076982166 2.3123011026 -1.77412736649 170.73669422
160.968456913 -0.16971630316 -0.927252792087 -0.14746642753 171.273903839 0.876711384056 -0.960136729343 0.87116813478 163.155651198
167.68743994 -0.879456109877 -2.90246786242 -0.863813042015 164.507601173 -0.808675964599 -2.91401630057 -0.724640869633 165.991475576
169.060696651 2.72046441256 2.49143468781 2.78973342364 160.759699521 1.76211194262 2.54444320881 1.8161732937 169.176320583
170.418551462 0.1205986047 -4.24541318956 0.136253671917 170.910289736 -0.592675420559 -4.23099537477 -0.530768137236 165.093529438
168.349041142 -5.45979932256 -1.99696607187 -5.53310795901 170.2871323 -2.04045329737 -2.02649221226 -1.96208794059 172.543395398
171.961521359 -0.674767775696 0.981511857436 -0.660771345722 168.247158126 -2.44635733578 0.961802946401 -2.42184002986 173.375312005
171.544878005 -0.543607256938 1.90002966778 -0.585950945001 174.292058517 0.0919100931585 1.91481561764 0.141144708015 157.546593461
176.898025601 -1.81245524596 1.89740195342 -1.74664791814 170.712863704 -0.221735079598 1.88504782982 -0.173069977646 165.956067444
167.484135328 3.50370343086 -1.18061779276 3.61400191432 172.993560953 1.43558706508 -1.16825216327 1.4330904079 172.905133609
160.808856339 1.70184121272 3.38841675628 1.75695585359 159.478301311 0.218780466569 3.3630753859 0.227577135133 155.542808887
180.615100762 -1.11963549809 2.12692646822 -1.02932026198 171.566939175 1.44665303619 2.15513482109 1.53093413231 175.50025387
164.870505325 3.03492306392 -0.480632735745 3.08853534798 167.956447556 1.7580333615 -0.478213727666 1.8077943608 168.120965157
170.755772517 -2.51225720978 1.73267625163 -2.507295115 167.696140546 0.727293718082 1.7287407855 0.759524673145 161.898168658
165.243204252 -0.873421261716 2.81496320386 -0.828562262938 171.739973551 0.07188963281 2.80161553102 0.121622007426 169.054582236
173.712966761 -3.7897627942 0.065470530384 -3.77172415454 173.664766601 2.05214715826 0.0320001634948 2.0637984073 172.598879503
170.882146029 -4.09129499894 -1.67839426095 -4.06554610086 167.812708063 -1.14215985928 -1.70647377454 -1.10627651226 166.061044837
173.022517256 -1.15346615822 2.31544029406 -1.13327315093 174.667048094 0.154364954088 2.30689229225 0.225139363375 178.314925459
171.14049366 -2.10136317598 2.16462591879 -2.06158469496 172.054599208 -3.12517228204 2.14272012578 -3.09908293548 167.715416591
176.729902039 1.92674284749 0.0170197249956 1.9735403886 160.343774437 1.5964605412 0.0443759605044 1.65671540202 169.982017737
171.421975798 0.682934652568 1.87954793089 0.699657945224 173.620998262 -0.641081950903 1.89091049909 -0.600246380859 171.129916913
172.271905715 0.569298011859 -2.01644156358 0.648584923994 169.268307745 -0.966743777743 -1.96987811098 -0.939347849155 174.152801368
167.33946408 0.304162983021 0.949630106172 0.324721436874 167.436886481 -3.09626121684 0.90778056924 -3.12908765043 172.708404157
168.689793636 -2.49885085143 3.52731960854 -2.4628277143 168.038356383 1.06828978602 3.51792530008 1.03273021334 165.899808683
169.409126774 2.05867648683 -0.169557594624 2.07867427524 170.819026312 -1.24272671939 -0.14842856384 -1.2073850598 172.748902573
171.591759307 0.607204212194 0.962020601123 0.671739867085 174.504881582 -2.34593010668 1.01113002147 -2.25031645755 173.314661039
173.671163535 2.18424734184 0.21495736347 2.22894780173 171.156777651 -3.45144893098 0.163956527436 -3.47489075331 169.014136312
172.30415214 1.17920195257 4.20583230717 1.2079566306 170.22101859 0.216423489232 4.18183379649 0.225559232843 169.875004816
164.202076771 -1.54117918462 0.137654951595 -1.48576917672 177.236335765 -3.1936528069 0.158857977972 -3.19532597497 174.127014953
165.900225795 1.94969981115 1.34574330662 2.01891251648 175.68798748 1.51526375098 1.36188287453 1.49296946295 171.601356378
171.176187048 3.44857954265 -1.0047296994 3.43236576303 166.880873494 -0.388304278676 -1.00921645928 -0.287082782279 166.691649099
172.943283641 -0.715956066053 2.07152413141 -0.711582277425 167.844872576 -0.804372384266 2.06143241529 -0.782356125878 163.082085919
175.35474223 -2.67448550017 1.82602648992 -2.61546748027 162.987337066 -0.578072024854 1.79854384736 -0.565069707204 167.924818616
173.460865273 0.746222387612 1.56879457539 0.734945902811 178.554612986 -1.22936293769 1.59369703607 -1.16385276973 174.082379731
168.282233801 2.56765060002 -4.13979405394 2.60219298129 168.281206204 -0.930958628329 -4.16587055621 -0.916933008618 166.222416925
165.338372261 1.15565716472 -0.0194923697176 1.18426300827 166.255511 1.06281548605 -0.0248102731977 1.11434402594 161.956360292
166.875671705 0.318212511672 -0.77192722535 0.322190493373 165.555802266 0.011748109554 -0.791944455913 0.0905588761848 167.725489547
166.610285587 -1.61205769333 1.46118910153 -1.5421558399 162.525207618 -2.98669195123 1.48727903931 -2.96828145904 167.00499516
170.193277113 2.30879349364 2.55419558059 2.37015528384 171.353155021 0.785782534508 2.51630254843 0.770446483489 173.301186039
173.625983801 -1.53059399701 0.845550316311 -1.44171707224 168.708310452 -2.14233060334 0.904195680232 -2.07613033113 174.444426514
166.206976817 -2.59663950463 -0.382482617348 -2.46811758218 166.200487534 -0.172723898189 -0.32666835182 -0.14658978355 170.13400175
162.2049365 3.07252438416 -0.834478388312 3.09991808479 165.368039961 0.240214526681 -0.818397690331 0.301072718005 167.551617142
162.148791097 -1.45198342811 -0.0791018619559 -1.40725855595 167.497137504 -1.01571822816 -0.103837554878 -1.01466637428 167.876508797
168.363375568 -1.60981420113 1.93133131662 -1.56724467874 170.543321019 -1.61906969661 1.90037252201 -1.58218707777 171.164281952
177.867091181 0.602036759756 -1.28665512952 0.662526186914 169.551058874 -3.04750334356 -1.30490706503 -3.00411389181 174.924726971
172.863924602 -3.47507557402 -2.18029511572 -3.47884820796 162.185394298 0.410552610502 -2.19145522796 0.463846774613 162.516618038
166.513678762 0.748552275745 1.85152836665 0.788280907666 166.366294384 -1.29102285903 1.86682036222 -1.23497697931 166.764872515
167.757049855 0.924099596725 2.32361636697 0.946186013607 172.055969151 2.94945836016 2.35954190197 3.0344632361 169.306706945
164.444967325 1.51819576653 4.30916271182 1.57502279288 173.845576533 -0.315786225273 4.32890863662 -0.288231181448 170.798418998
170.57876956 2.41903488471 1.84202066679 2.45221855433 168.989297878 3.65337759039 1.84692695163 3.68292580492 171.771111272
168.635233359 2.46391601379 3.43296473167 2.53042081447 171.797136417 0.801181300959 3.40545049152 0.796674070612 172.510861218
170.060262689 -4.11173317495 1.9559102525 -4.05270882426 170.321326255 2.04230736014 1.96893958648 2.10382758694 168.935236631
166.221720733 0.484873665058 -1.42170565353 0.540420743328 167.978092176 0.677229826873 -1.4744516263 0.696683625515 174.204338814
173.240121766 -1.34282274858 -1.45407513961 -1.31268672298 175.684265023 -1.3211575346 -1.44209458946 -1.27381096195 168.493432091
170.772625104 -1.69620957655 2.0600938997 -1.62598242955 171.034418954 4.73165514008 2.04837960645 4.69458515723 172.766203806
165.920748617 -2.23646603829 -0.920658036147 -2.18727968826 165.141338706 -1.77137502548 -0.910659472756 -1.72468008978 173.380395816
174.155265756 -1.94693387296 2.95537605336 -1.902177547 173.955899455 -0.934974804994 2.96777601377 -0.921870583056 170.356131645
167.022520139 2.12436187562 -0.604789230701 2.08811778141 173.853709917 -0.488494273491 -0.633779701266 -0.448628290318 169.400406385
169.808677351 0.475449119727 2.14197982656 0.535066687543 173.494704368 -1.47737897305 2.10788266835 -1.4536293498 176.234823109
160.435281396 3.28925136471 1.34537786129 3.32129302934 171.08105963 -1.5122049711 1.35156686487 -1.45797063782 170.468725547
172.072508157 0.489637298621 -4.72217610305 0.55560802704 178.848862244 1.93698126653 -4.71050196154 1.95536974915 170.790335686
168.782369958 -0.718416822654 1.39945306158 -0.682297926255 176.713465245 -1.99181858974 1.4025782279 -1.91293244769 176.111265226
170.869556678 1.89567506369 0.837623460535 1.95647390603 176.452255584 -0.687580576545 0.816002010774 -0.629823164014 165.382076797
173.159556776 2.77766223405 2.19991847054 2.88563443261 175.76618153 2.65402381532 2.20139417845 2.65443314808 169.166477763
166.792896263 0.00646679505367 0.514145272554 0.0758663439253 169.262459083 1.77540736563 0.523965841195 1.77799930552 168.272454939
176.997316101 2.76162146781 -3.22255248849 2.84862544468 175.854898374 0.821332657019 -3.16486560031 0.855410448912 174.442114731
168.646800473 -1.45364578855 1.11641311274 -1.45453063032 171.108831618 5.28482482681 1.14073971301 5.3536576556 174.219877979
169.166420099 0.162549624669 3.33742248995 0.124595580586 169.352481764 -0.965756480024 3.33639903746 -0.906776027126 169.923734388
171.159133678 -3.17079363119 -0.483363190223 -3.13897999672 163.28803217 -0.945458899327 -0.438372701162 -0.852910522785 165.138165785
174.482499425 1.29353834186 2.02104528982 1.37222894932 169.789301897 0.539430298673 2.08195838797 0.622684451533 169.302041817
175.62541484 -1.96131447498 -3.2333031161 -1.87917749197 167.603446678 0.870084195256 -3.23138179949 0.911903734711 174.7330793
185.512329183 -1.25741521513 0.139500715168 -1.22530596367 174.292728454 -3.18335961614 0.176299495589 -3.11845459511 176.655667167
168.378601082 2.34846505327 -3.73934420141 2.41125648665 162.055917865 1.29780377882 -3.70843114922 1.31332764735 165.519519774
166.550229343 0.254948425464 0.245792068153 0.323405963867 172.065279382 3.33586078952 0.250616427889 3.39294309057 171.53780101
161.85630657 1.91370064261 1.51495733195 1.95577032849 171.072440539 2.89010456071 1.50331702351 2.94560920598 165.860002259
164.179253755 -0.0935800871193 3.96870786014 -0.0344147855996 167.315255845 -4.6094603013 3.96262038316 -4.57545973324 175.726441573
169.552602461 0.740753139549 2.18848815498 0.80956023512 171.952878713 -5.6359414121 2.21486211752 -5.60596885673 165.468405355
170.733821116 0.69645365514 -5.35409382499 0.765149879986 168.071001493 -0.489507817501 -5.37543265791 -0.494102020796 170.322442015
175.407949761 -1.01321702457 -3.04536111579 -0.952063355684 176.613304827 0.547829857291 -3.01026884607 0.603969987145 175.626062625
171.238944282 -0.881423254462 -0.398510619465 -0.783809794848 166.840027678 0.549707030224 -0.369310318507 0.589685497689 176.464972466
175.642025726 -2.80429192929 -4.83467026503 -2.78492262749 172.267286957 -2.35724316403 -4.84638201548 -2.37918918367 173.288781444
165.545362005 1.00128269547 2.23068154798 1.04426639857 165.220979806 1.80128177747 2.23080007854 1.82553202656 167.017833098
170.872018951 -0.262916292339 0.742672726456 -0.223024058179 169.007745356 3.39459257551 0.725867121446 3.42747471454 168.464602924
163.399228268 -1.16477427777 -0.293434475623 -1.09946696565 166.35756222 1.03511250424 -0.310151344288 1.0394016792 170.246921378
168.240333052 -1.06874437453 -2.02901702707 -1.02754143614 177.516482058 -1.17130929829 -1.98272292024 -1.15904462323 177.413837027
166.608947586 1.20094681084 -0.776417206842 1.26082322874 164.194206248 3.66143288223 -0.798490860461 3.71447831099 170.691928096
166.213556121 -3.14979762079 -2.76739620208 -3.06516539986 169.345391497 1.93655108349 -2.75869010154 1.98098048416 169.021589354
170.706302353 3.69966828535 2.5136110059 3.73866684288 172.509205354 1.26562521025 2.50468060369 1.33080093173 171.311259746
172.53623071 3.71367325765 1.30496879533 3.75627072728 173.105220402 3.25124673624 1.30430803274 3.27263104337 173.057455101
162.012077488 -0.326351783124 0.0807991929409 -0.288176707295 166.034167883 -2.74214608934 0.0515926681838 -2.69870186388 166.575515115
171.609524189 -5.89095901974 -2.35645315852 -5.85600490809 173.549447177 -2.30199885867 -2.39320648821 -2.26860243969 175.611573948
178.248329743 -1.45748991433 -0.292782194315 -1.41873442301 179.826582523 -0.657564342808 -0.278441109858 -0.633419714765 183.073559947
178.122094265 2.88822236707 -1.50660890917 2.93859039922 172.926230222 -0.347371475969 -1.47843161264 -0.348622650165 181.748437375
173.179690411 2.15187717304 0.774513348979 2.18728078912 175.512386386 2.20120813847 0.770490724551 2.26218887127 176.651654565
168.170691333 -5.64969806604 -2.82560665184 -5.6043646987 171.090473342 1.59898036553 -2.87394829973 1.67913838388 170.862607718
174.246388977 -2.66445555397 -3.05373369997 -2.61317774055 169.968980845 -0.772409578422 -2.9787402345 -0.742750580576 165.917637237
167.087771613 -1.37797616468 0.749179586281 -1.35621530523 167.433221329 -0.528207218396 0.756647212525 -0.491846451702 171.185191426
166.556518845 0.329306711992 -0.883310757745 0.398563200892 169.295101923 -0.43351413775 -0.890597135698 -0.426958596033 165.787673254
165.933250487 0.241685984882 -0.886197787613 0.268562857723 164.336855371 2.62950084593 -0.899646639148 2.63353814396 167.096273399
167.850752765 -1.1523080289 -6.0686462152 -1.10402573924 171.038057739 3.31850757497 -6.0489427305 3.39114644574 175.792426151
174.52691389 4.43501745572 -1.21505643057 4.42101478569 171.236096984 -2.80743875425 -1.20786658218 -2.75140759582 174.031570867
174.967414376 0.721864885669 1.12036840734 0.709982062794 168.593584162 1.87651417996 1.12217727698 1.89184613165 174.388382703
167.311680928 0.0456481834273 -0.441303774354 0.0624119006339 166.485051201 3.75445049593 -0.495004493974 3.77116304766 163.138559478
170.449423418 -1.47464990962 -0.557320470024 -1.41043996872 173.575066763 -3.5451440961 -0.543365797355 -3.53559998659 176.165794746
172.232526933 6.03040540385 -1.7030551357 6.09281760344 176.587401264 0.192904438376 -1.64864949756 0.285188017865 179.179077362
162.279628269 -2.14060531515 -1.22603715683 -2.11765400537 168.111459828 1.78003988997 -1.22001088143 1.82016962292 162.30539538
172.56999718 3.98228236514 -0.840151465547 4.01533972844 161.966316544 -0.452866266237 -0.841634863433 -0.439646516132 167.174607044
170.49227284 2.87940873648 1.98139367456 2.88766986146 171.112024414 1.97520026097 1.99449331655 2.02063285675 165.823493623
172.421786646 1.90077215139 4.38303308956 2.00535353901 166.90006637 -3.25432847273 4.39222106109 -3.27317389978 171.239189914
165.191778794 0.806088858447 -2.58330026454 0.83423012079 167.374832773 -1.56495397538 -2.52664117464 -1.51303049845 171.678357329
169.420294926 0.856342615971 2.08142157574 0.926748457922 169.804047725 -3.60213518753 2.04328038719 -3.63363880263 167.319854034
167.967807661 0.986363469339 -2.46048644063 1.06640439646 165.425265205 -0.578110189334 -2.46130603931 -0.534311717974 165.544524638
168.071017001 4.34871599312 -0.77781653134 4.44994023942 176.904512256 1.84298273982 -0.728241630442 1.89751729846 169.516480692
168.14458463 2.51795896485 -0.495889413364 2.57083579942 171.973380007 0.692747705581 -0.459501562702 0.764583524358 171.661764302
171.296816626 -0.235049263489 -2.93182865211 -0.233123732825 160.297012197 -0.464093535688 -2.96706759912 -0.411097357939 170.19771795
174.563338159 -0.377980209446 2.37212188431 -0.356123166867 170.431352848 0.156093804478 2.41035454494 0.224150722006 164.574757949
165.919815874 -0.764417126411 0.278277414949 -0.709725917394 166.007330594 -1.03887679282 0.28905862677 -1.00278914061 173.925044331
170.191539378 2.26595415854 -2.49602575295 2.30165486178 168.12546404 -0.287500892192 -2.43067674045 -0.206626632277 166.640935625
170.60956237 -2.94689593159 -2.0735353489 -2.9290848908 170.217962432 -1.85088785523 -2.06988081166 -1.76918957756 164.597982256
162.104213053 -3.43314126008 2.98024231395 -3.42250222539 166.942053273 -2.41826234155 2.99834737955 -2.33345957271 171.058471934
168.42110041 -3.68538148215 -2.80005005568 -3.63724102424 165.775423934 0.178127690263 -2.7484955808 0.24823276077 167.011170006
176.20411732 -1.49304925785 -2.61213100987 -1.48634049086 170.694998195 -1.16883583777 -2.6326716718 -1.21742211439 169.480517688
167.569340633 0.252985772858 -1.41005923185 0.272688913086 173.106968366 -1.61280325912 -1.40747889516 -1.6214989131 172.447673086
162.08889672 -1.23054259792 -1.20120467945 -1.18243106007 166.614552946 6.28499550527 -1.17641406124 6.33821978051 162.85894586
172.582249477 -2.77306488676 3.77412470137 -2.71607333898 170.759015232 2.0206008918 3.78305628695 2.04633374847 167.648743938
168.741189313 -0.577191031659 0.384486303322 -0.556514592584 171.891434919 2.00007471126 0.303987014148 2.02182366628 169.024512323
177.069637853 2.28561375871 -3.43082287693 2.31167568507 174.46633496 -1.27347055678 -3.43273583709 -1.20488336679 171.560153616
170.989843568 1.40793269971 0.869114281974 1.49848037947 166.946838437 0.716265022499 0.842275896459 0.72405142463 168.669437554
164.300848699 -2.36409742826 -4.30821810835 -2.29539539664 176.007326443 2.90934302651 -4.31676450632 2.96024739442 169.065186638
169.147634863 -1.93881216051 1.58040261848 -1.90478671675 166.593893032 0.848626777869 1.54885095951 0.891479767805 176.937318977
171.199401001 3.89263255101 0.321845943557 3.8985267674 169.981232815 -3.57530135352 0.334954550157 -3.51028203956 166.79835242
167.502057503 -2.01761280742 2.07525738476 -2.00119407073 171.807372954 -4.30043351755 2.07915018329 -4.25562443878 164.815832927
172.247227038 0.887875152437 1.07118807953 0.846972897566 172.696875455 -1.53880059134 1.04721627114 -1.48981787766 170.788023336
169.090121741 -2.55812831954 -1.55615251118 -2.55550310906 166.737733822 2.40269635266 -1.56197402521 2.42873724822 163.831669599
159.039323018 1.55049623892 1.26284382058 1.59337001281 168.335132463 -0.982623639525 1.24197828656 -0.921477510914 167.622147596
181.550182025 2.11075897745 1.78080855561 2.21703838683 173.176794538 2.28221971093 1.81364296451 2.29747525161 177.415850635
170.835133363 1.56920459656 2.55995313194 1.59311854936 164.764910367 -2.26409754706 2.57788878077 -2.17859143341 169.927288738
169.837784359 1.78805836077 0.413808113171 1.86782754823 169.350104601 -5.98382850999 0.469369252095 -5.93934078263 168.379540095
164.810519571 -1.43926143601 3.55377413842 -1.41376692045 164.627809057 1.22852606567 3.55428042992 1.23771783562 160.562246411
170.329554764 -0.122858313561 -1.67646773388 -0.0657424369953 182.936240286 1.56240301491 -1.68976965469 1.58200111776 165.287860326
173.648203379 -2.74461005126 1.4483504051 -2.70065428046 171.66211016 2.36927286041 1.46623303366 2.42123136997 169.616430387
169.020402863 1.65904691477 -1.42567545024 1.73666115645 169.959795127 1.19493185638 -1.42166925331 1.22058840783 168.792499416
172.802329126 2.3456943525 2.6469109963 2.42594362507 173.313995045 4.76966315306 2.67680578207 4.82388205068 175.751712833
164.239023229 -0.533368598747 -0.921191742897 -0.460609392257 164.651184779 -1.16160547106 -0.900507601725 -1.1156179898 166.309422525
170.546410413 0.077947524019 3.06418900229 0.109746724077 168.235923028 -1.06571170744 3.05776952931 -1.04478113968 170.681825222
169.104626114 1.29897617903 2.07045869561 1.27059552559 171.723496249 -1.19633820285 2.03455799689 -1.10236915617 166.820619754
169.556708493 2.05992355357 1.39611529193 2.1142011408 176.072556132 -2.55757144315 1.40876445844 -2.52003735711 165.765376469
160.15604658 0.722654853496 -1.54028918613 0.771677964577 165.954035916 2.88732886688 -1.5342764822 2.92377275808 167.061659258
167.312769487 2.82587794731 -1.51880309475 2.83163662581 163.89779202 -1.99004952191 -1.53372636852 -1.92956816411 166.602261515
171.048639035 -0.528050765357 0.487197529927 -0.471405228836 173.168734143 -5.8553284249 0.451027310748 -5.80709802271 171.696675133
173.203129645 -1.97922832512 -1.12909971281 -1.94062409495 175.8402779 1.84084325353 -1.10007018667 1.92187654227 169.741657767
165.62596517 0.01558965125 -3.32623111764 0.0834078257622 169.158260189 -1.10694320972 -3.36157514865 -1.08387997099 161.641311092
177.746232994 2.84295589129 -0.161069557962 2.87729464317 174.268708911 1.00222537595 -0.157087050254 1.04811116441 170.299442819
172.705807631 1.7908690707 3.09195084231 1.84105036251 172.491093335 1.6265412943 3.09366654808 1.69387693876 171.861047125
171.115539572 -2.17217236595 1.50113179975 -2.13075017597 173.013780682 -2.5865314877 1.5157737975 -2.56759455971 170.304011771
168.24915736 0.670383833924 3.25344921368 0.668024126032 165.490111028 1.94602522424 3.25202442319 1.98907553405 171.426383039
169.901684292 -0.739173819108 -2.33285133696 -0.747530978232 164.00000104 4.77570127389 -2.36826920431 4.81326647852 166.964078059
166.098823465 -0.328807077255 -0.520154054478 -0.28728504374 166.874038811 -1.52343150879 -0.566147702907 -1.54236691712 162.585026397
164.305683739 0.802224724202 2.09357283013 0.836639693335 164.133152036 2.39342314911 2.0966704946 2.46972790528 165.112545601
167.596137343 1.0105757788 -1.26920538835 1.05434360211 167.967671187 -1.56242936735 -1.27804633946 -1.52816922806 168.549801026
171.120816739 -2.65233537869 -0.959862441097 -2.69001547157 177.036548406 -0.485995393116 -0.927591575782 -0.363441825738 163.461455468
171.71281832 3.56180259901 -1.88375618594 3.64025591214 177.277960437 3.04645276729 -1.86557529675 3.11131429807 179.263495484
170.920596601 -0.284348550226 2.05045602566 -0.227276979062 163.461647284 3.67417019259 2.04702111988 3.7221042097 169.748093467
173.532850818 2.45954663173 -2.15382651948 2.55831753826 168.945433131 1.71751067805 -2.14491349672 1.75373033034 172.09223107
167.213690994 -2.63182811622 -1.07490138408 -2.60268129391 165.93434815 -0.147107724764 -1.06188536387 -0.0735825801378 171.910981288
169.452126199 0.515967036892 1.65525067963 0.59015244304 166.953385007 3.50233594337 1.66245551503 3.53611727608 171.035053297
177.157013418 -0.703381284269 1.32793443686 -0.646384880758 171.545563015 -1.25828889456 1.32288749196 -1.22203362729 173.663395118
172.913992814 -2.46870519411 0.566507573058 -2.40635956106 173.563070077 -1.32949046212 0.584403017858 -1.24272246518 168.418102803
168.456313231 -5.72540510825 -1.72209954193 -5.67276353591 175.113376837 1.28647317893 -1.70774868798 1.32900611964 170.695851034
171.634631089 -2.02261020728 -1.4977581638 -1.92697573516 170.424869577 3.20821490999 -1.49485568149 3.19572928331 174.989150133
162.552154944 -0.737643116606 2.07711330405 -0.709321278375 172.489912156 -0.800231469292 2.08553832414 -0.789568121588 165.754368378
167.759001467 -4.98118220233 0.886530987565 -4.91519513576 161.995592121 1.29294583852 0.900170107024 1.30681758686 166.26750888
167.096081489 -2.19634539734 -0.513384023694 -2.16172984187 167.899786526 -3.06441550727 -0.492882533215 -2.99735789565 168.280763939
170.61306106 -3.26653639389 1.51513551659 -3.15074490962 172.899866315 -0.860804735552 1.61429863708 -0.790886615173 166.193719454
169.578912393 2.96611695268 -1.82951212607 2.97932176991 173.492401381 1.05450596672 -1.82639801129 1.15514323517 173.836816821
168.633493673 0.66236248092 -1.47111036424 0.74988031168 170.316355493 -0.698539200382 -1.4891737614 -0.694977583087 170.241111773
173.39805444 0.0370915436967 -2.7962026082 0.0531601050488 168.411367986 0.711959399154 -2.78524531932 0.758078767685 170.45107384
173.078645462 -0.729169974255 2.8064043444 -0.624593743997 170.293403263 -0.139977209153 2.78371128591 -0.176578576863 169.108860597
171.289943213 -1.96463315462 -0.6204470643 -1.90313547036 171.720604219 1.87628219161 -0.602719752716 1.88723359132 168.698414387
168.036516097 -0.581374944103 -2.00756060989 -0.558581516056 163.37893297 -0.121100929454 -1.99559615071 -0.0189763130394 164.887029267
170.680552502 5.37492268578 1.64988078181 5.42961454471 171.460379342 0.233946574416 1.65854223381 0.321740018036 166.718794803
167.600831498 0.164309946683 1.85360210265 0.201027429644 163.688787456 -0.563839474919 1.80564538406 -0.579624698935 170.74177528
169.16798932 -2.38036370183 -1.86957019584 -2.34770761897 168.912806501 -0.672312273004 -1.87178932684 -0.612223177196 164.132871803
165.740179275 2.59252266918 1.09137354803 2.62458183966 162.25364597 -3.51196249443 1.13228841914 -3.43866428945 166.092075768
172.331543091 1.40812333249 -1.20620668723 1.45914342064 166.767264627 0.661476245521 -1.17369380305 0.730082367107 169.493133555
164.829743725 -1.44991696627 0.692092849647 -1.41935787125 161.642640336 0.685956342866 0.709989226841 0.720185585275 163.381890843
165.114516574 -3.607049507 1.74545143833 -3.57735839063 165.151454457 -3.08816953644 1.72581592375 -3.0540827512 164.577469601
170.073147015 -0.0246775144786 1.82250148304 -0.0422370093841 174.800450705 2.78490419071 1.77167909752 2.78681963234 179.288552046
165.989504129 0.59609155294 -3.67008547579 0.628472619673 165.325551602 -0.972803250415 -3.6847189131 -0.901795083658 174.557376664
171.186871578 -1.94951726929 0.475652359648 -1.94092037989 168.298851985 0.777873420164 0.451408858118 0.7735007028 172.540482025
166.124484847 0.638896507961 1.70026251499 0.641922375196 167.454966262 1.24032805925 1.68078663552 1.30853502024 171.029132143
172.615214718 -1.76528716258 1.71344908735 -1.67697293575 164.118526441 2.05385361892 1.77157373043 2.09648522801 167.650536059
171.33420282 1.82414569349 2.94494852997 1.81287759169 166.947457947 -3.42085596469 2.93805009619 -3.34315615356 167.702234673
165.106348962 1.37444113656 -1.16080523242 1.43389108008 163.594870701 2.77441611946 -1.17068450023 2.79957856476 166.098936684
171.92827063 -2.71527780476 -0.266770917581 -2.68262296308 169.300262043 -0.290128437698 -0.221886381961 -0.255791252025 167.161861315
168.571244732 1.78679888185 0.362035944772 1.78964173943 173.131783849 1.5756394314 0.31647726519 1.6518030251 173.316629715
171.503868186 2.96223909773 -1.87635208367 3.02105317595 175.840950037 -1.31011408358 -1.80182308489 -1.2435256947 175.9209377
171.150125972 2.79717103048 -1.88721076402 2.82332393544 168.647835982 0.554872673038 -1.90417768979 0.590978918077 173.592367806
174.838737562 -7.93967634256 0.0987854907351 -7.90656694686 173.452962878 -1.03462982783 0.0826922800471 -0.944864344177 172.357989935
171.74175715 0.169525182266 2.21308311497 0.106751127047 175.289171396 2.52337228137 2.1222035495 2.5471640321 176.752825002
178.012778166 -2.01560896897 -2.82692759715 -1.91529142775 175.208369702 0.0155723516811 -2.80112859713 0.0701747084022 174.001478621
165.484311733 -1.35260496394 2.12951303654 -1.29037129933 167.212341931 -2.62461512981 2.15519220664 -2.55306479052 173.466731035
172.464194179 -2.5981336205 -3.8043783053 -2.56372245804 173.834761748 0.322879085165 -3.81152191638 0.358604991958 177.649777791
165.298722691 1.14348065853 -1.01299254426 1.23527407243 166.31531847 -0.932139621839 -1.00690019034 -0.931838461399 163.090731543
166.995148825 0.177850245726 0.305565448551 0.224363488143 166.362891212 -0.548476211831 0.285506429643 -0.540855348989 163.978492357
169.778792104 1.00938374455 1.09168039736 1.06678280491 175.581699387 -1.88405431174 1.13089741102 -1.83826312574 168.925159852
169.653668009 4.73412945737 -0.336562770738 4.7666409081 177.625994014 3.56492877968 -0.278766646794 3.67091378479 172.536188434
166.057277815 3.77457441964 -0.740663478439 3.82521225392 166.441687199 1.64431380795 -0.674726639189 1.72169722122 165.158046158
169.638656499 -1.9232392161 2.71324694464 -1.89018053382 169.449373866 3.38412480266 2.67973393861 3.41070096771 173.615288903
173.006953733 1.90756781726 -0.241227738622 2.0035674678 166.159520642 -2.16891845628 -0.269525363957 -2.14580693275 166.920529147
172.561739862 0.855281857619 -7.58474348193 0.92635315886 171.986659155 3.94972400054 -7.53310711795 4.03026808677 180.716274847
174.642153696 -0.694584854536 0.339046976946 -0.64750521181 170.741700187 -0.081111760546 0.312829119702 -0.040341279139 171.617630272
175.413748198 0.338015720295 -0.568488013897 0.37012955594 167.679419486 -0.792592146052 -0.530089188552 -0.719683220999 174.115365801
169.24169453 2.07333863288 0.159203199279 2.10984919901 165.718329542 -1.20543616042 0.182712621685 -1.13204863377 165.127145174
