0.000638655544337
0.000505381156224
0.000889294787434
0.000480243950374
0.000337687374344
0.000607424969653
0.000727955523163
0.000721693673392
0.000216007317286
0.000530099103937
0.000366669896834
0.000433211322979
0.00073161666965
0.000600152686235
0.00026351674288
0.000596392057488
0.000853492897032
0.000688266501089
0.000355775753527
0.000183482360913
0.000479107410565
0.000587496866625
0.000330026534145
0.000249481268087
0.000341847378228
0.00029663002187
0.00043666272215
0.000263453774867
0.000592540975857
0.000852448996966
0.000622079829533
0.00044852515501
0.000714427084526
0.000430090128001
0.00039384550348
0.000355495600116
0.000363528155081
0.000205642376536
0.000435925409512
0.000291067130906
0.000242077059164
0.000263420169252
0.000271596222664
0.000340063327783
0.000746192763948
0.000365767529636
0.000370869724453
0.00046431940078
0.000580639756903
0.000288387669152
0.000389237076371
0.000302536524239
0.000507318045012
0.000542195321711
0.00038221826462
0.000660601331751
0.00044415322971
0.00043473514361
0.000625663922953
0.000350130014384
0.000562781558499
0.000418513244896
0.00039362895212
0.000443308442374
0.000720694858244
0.000445354439372
0.000826184401798
0.00062672028839
0.000441462341854
0.000363296709166
0.000498081802116
0.000382242963751
0.000536027318392
0.000480436759632
0.000296205544471
0.000336220534673
0.000455530810025
0.000639598555641
0.000665297183578
0.000469180269152
0.000800114881543
0.000775893228899
0.000413884269149
0.000452006124152
0.000323162407965
0.000360339059662
0.000529921582791
0.000595901132211
0.000182623505235
0.000521535866144
0.00072076230986
0.000419312816494
0.000554581311822
0.000334648214151
0.00057072635372
0.000672000499716
0.000231861373988
0.000291907709291
0.000435569226278
0.000373806053789
0.00026765379852
0.000648519005951
0.000414641961971
0.000349973086148
0.000277812908593
0.00014968467428
0.00061906488291
0.000417482426468
0.000289031059136
0.000425731781662
0.000738290372421
0.000363232304937
0.000413305623401
0.000439245332898
0.000302488213312
0.000537056628991
0.000486662956749
0.000514710780749
0.000618528019392
0.00060148049023
0.000649313899215
0.000711252399295
0.000281571676709
0.000323224435496
0.000264520351113
0.000435602942199
0.000785875151307
0.000284130556595
0.000474723301122
0.000489094698382
0.000335271693881
0.000584915349032
0.000542674322549
0.00024341818677
0.000294940582054
0.000392155620829
0.000672699724723
0.000575052194292
0.00058063137214
0.00092271917454
0.000409311359598
0.000629369906836
0.000355144325819
0.000438765389239
0.000417341195207
0.000669950460722
0.0005312367144
0.000350720615098
0.000216738246042
0.000312675243072
0.000762392434107
0.000634641890567
0.000469895814582
0.000697660505631
0.000513426885933
0.000524925500207
0.000163120917488
0.000605458739014
0.000562250137327
0.000378173617856
0.000399048483936
0.000207092951992
0.000370384376829
0.000475892317311
0.000476621030231
0.000713403060421
0.000153382354266
0.000606206341569
0.000720701701496
0.000406716544599
0.000402866530104
0.000418424356355
0.000540981776569
0.00079438830077
0.000491396026359
0.000727600724642
0.000320127240784
0.000253346881123
0.000489777902627
0.00041812548743
0.000654036736265
0.000388896880507
0.000314555792631
0.000443380867037
0.000172078039867
0.000308582405355
0.000439633011664
0.000606033835256
0.000390343893982
0.000632451703036
0.000618892203482
0.000580098545747
0.000361764003561
0.000973135908097
0.000659965413338
0.000612702181111
0.000448674803524
0.000540746631098
0.000314168091721
0.00053009630813
0.000519157152179
0.0005033402658
0.000562169811376
0.000331052788081
0.000585400071604
0.00090635588598
0.00024813413421
0.000379307719926
0.000450358885887
0.000392487715738
0.000307702766757
0.000317844433191
0.000470583126047
0.0005371918306
0.000883467327774
0.000577356590755
0.000508058408775
0.000600519422524
0.000770696774785
0.000337390554507
0.000440266054514
0.000301436435179
0.000133611865615
0.000477904714141
0.000375268320465
0.000416836194231
0.000341043772925
0.000408188251013
0.000400118882027
0.000329829514748
0.000552656289734
0.000760302100899
0.000260911540707
0.000353298343784
0.000630650189367
0.000474472269936
0.00052677128827
0.000510043931536
0.000358099933132
0.000427948125954
0.00059440220394
0.000494365690891
0.000451379877456
0.000433804307203
0.000467476813126
0.000756005448963
0.000782949987571
0.000458301602519
0.000616225960527
0.000612595694535
0.000202804874574
0.000456892461469
0.000611482876014
0.000343746375695
0.000484688100954
0.000391763981281
0.00049607710082
0.000731753360191
0.000507775675243
0.000482814278325
0.000584776269216
0.000805885601031
0.000653977714875
0.000447408635479
0.000375771940669
0.000488959733261
0.000674465079024
0.00032887428306
0.00041205011912
0.000308543522216
0.000601918580892
0.000498766107624
0.000503767636366
0.000524326163159
0.000494022539363
0.000359645215245
0.000779876358546
0.000350158256293
0.000586972352754
0.000406852511628
0.000642681579879
0.000511468562017
0.000341367448103
0.000229993214941
0.000344024968447
0.000910923666553
0.000516974765281
0.000489011688254
0.000435618937199
0.000535158387645
0.000706125968319
0.000464184057761
0.000655831290957
0.000553610928378
0.000699982866542
0.000492780646895
0.000430464896747
0.000287656789541
0.000706005329133
0.000405768981394
0.000744096496289
0.000580682736288
0.000541246642968
0.000372920086821
0.000534877256025
0.000611253070853
0.000478940642452
0.000466371211036
0.000355758274912
0.000800701635593
0.000563176760148
0.000249134462389
0.000520120245257
0.000299473720785
0.000752438378469
0.000625326925278
0.000516111823354
0.000684327432907
0.000211992558276
0.000416738774541
0.0005931080922
0.000600034094541
0.00045028835041
0.000553367548542
0.000464396189566
0.000940382895063
0.000368565234094
0.000246639429837
0.000532946182469
0.000188932798478
0.000362931746127
0.000379713820669
0.000731973823501
0.000570589914874
0.00041071976571
0.000542598417834
0.000466233856298
0.0004218344921
0.000557151756348
0.000420454343657
0.000406547591386
0.000364147586513
0.000581771783168
0.000287108649976
0.00028809930774
0.000265131804912
0.000716544243768
0.000734490867003
0.000610318719733
0.000493299121971
0.000395960898283
0.000422964670503
0.000341628626494
0.000480921073765
0.000682603733596
0.000527721091003
0.000546949259591
0.0005978608389
0.000304857661768
0.00040799160308
0.00041423646749
0.000205143001654
0.000448213306422
0.00038681703012
0.000338243269962
0.000289717973728
0.000573189754718
0.000382702702514
0.000418776828057
0.000554905314992
0.00032177337588
0.000214244514563
0.000564516716496
0.000591521627577
0.000634104481079
0.00036865445183
0.000292509039625
0.000508413081161
0.000662619741787
0.000390200007876
0.000342989061779
0.000409213920489
0.000458483657019
0.000464686770335
0.000861492915333
0.000536512949251
0.00042545813367
0.000556157998524
0.000546839149556
0.000225015688993
0.000180132477963
0.000449645126981
0.000669387034734
0.00038387810923
0.000519446021897
0.000449955240361
0.00106217798665
0.000240890567892
0.000428872562977
0.000321108868014
