1.91562224745 0.00649985549061 1.89209279163 0.00437757637823
1.7823590426 -0.0132498282294 1.78510311704 -0.0177444351018
1.69200662414 0.0140908954153 1.70010676244 0.00394084497489
1.77271441437 -0.0143941142904 1.7798404385 -0.00572625576588
1.85216571114 0.00773739323043 1.85768341983 0.00549483697012
1.84678169393 -0.0118317659407 1.85779879512 -0.00574907392788
1.78704870911 0.00696698257691 1.79653371257 0.00208008833208
1.79553804727 0.0144949206492 1.79026243168 0.0163117721201
1.74142301068 0.0092427117232 1.74878766258 0.00885641232924
1.88571982682 -0.0178157790021 1.8876279311 -0.0133954301
1.77203609706 -0.00991645979092 1.77140482133 -0.000724945360758
1.81708312544 -0.00964324166043 1.82156984606 -0.00508468491667
1.79663246787 0.00138700730953 1.80660220494 -0.00372058088114
1.80663903874 -0.00492530049028 1.83053680529 -0.00345348562009
1.75161015057 0.00757274468787 1.7760941944 0.00749291371071
1.94161670129 0.0157246062797 1.90103024265 0.0080982025538
1.91556300072 0.0150548706575 1.91373164374 0.0121896966826
1.96697446137 0.00352246492555 1.96092042418 -0.00364400406024
1.72433406969 0.00144142182928 1.72176209196 0.00848546009781
1.84206110076 0.0060787854386 1.85445659545 0.00383967890369
1.79776603973 0.00163285490471 1.78684681555 0.00156187474901
1.8645695026 0.0171483252744 1.84581494223 0.00586615284687
1.83782003448 -0.0038754177182 1.83427429239 -0.00358852330785
1.8671325221 0.00237017745344 1.85909532481 -8.52102259394e-05
1.81706411222 0.00460161939369 1.80515771348 0.00624479373565
1.78324265679 0.0058641478451 1.78686647473 0.00310749586862
1.85871077461 0.00397036771622 1.85391922198 0.00269542039117
1.87587573779 -0.00489497269774 1.83785524963 0.00206160636676
1.75126199773 -0.00612518222696 1.75412226603 -0.00720856141075
1.7492364301 -0.0101377219834 1.74552051172 0.000881655155357
1.87643852103 0.0155572537765 1.86993936574 -0.0019367100256
1.81875321046 -0.0176522345301 1.84216281765 -0.0122480623279
1.82661455681 0.015422058777 1.81867875794 0.0127253704491
1.84278046954 -0.00981860505325 1.85929604457 -0.00624074308579
1.70912573888 0.00378939378899 1.73035786751 0.0109598092546
1.93753584603 0.00881853903237 1.93294747304 -0.00109177674594
1.82294942091 -0.016878908478 1.83632315596 -0.0106822378648
1.78742087584 0.00672916614947 1.77153675111 0.00157961272724
1.76172085268 -0.00132381386053 1.7730309591 -0.000595222883844
1.87726905437 -0.00737595275083 1.89732251827 -0.00888041168556
1.78573859324 0.00941803692932 1.77893176355 0.00872338038546
1.83734646395 -0.00206064104993 1.8481960826 -0.0121892580285
1.84767047754 0.0147788568611 1.82677122975 0.00620878976286
1.83878501837 0.0117635818513 1.8409046428 0.00322119845027
1.84054769605 -0.00498292664979 1.82804915671 -0.00554136901964
1.91660184586 -0.0144693526616 1.8970159211 -0.00298029407402
1.74436326839 0.00729789926018 1.78574589191 0.000512058744126
1.78600070073 -0.00698172057371 1.77840691605 -0.00582741484945
1.85972992578 -0.00815870050099 1.85970127163 0.000278030876782
1.86108077971 0.0108782329226 1.83916252543 0.00899660514345
1.81457788718 0.00514702558814 1.82039958478 -0.00125692447201
1.82169822989 -0.0177750785075 1.81409083035 -0.00672548706377
1.78004837274 0.016368641465 1.77575792365 0.010442185164
1.80373934748 -0.00384154016793 1.8185535943 -0.00292867762926
1.87669579783 0.0262346036689 1.85318847962 0.0176330713942
1.81383595552 -0.00174531010223 1.79109099646 -0.00940962304116
1.80753425938 0.00490252936191 1.83555379539 0.00368714696646
1.76360647447 -0.0159583097162 1.76051945163 -0.0127474500939
1.8753187613 -0.00752762673174 1.84999506416 -0.00516931903771
1.81100823224 -0.0197214714985 1.83341839657 -0.00922838327019
1.78773685618 0.0071187489924 1.79702501953 0.00824100069511
1.74151661021 0.0127190036032 1.75396420274 0.0187362033376
1.88159745798 -0.00386507361284 1.84055988565 -0.00562910596986
1.74849928459 -0.000238980919813 1.77151621402 -0.000935511886316
1.81865291832 -0.00779945101171 1.81138146225 -0.00104769540451
1.82010871066 0.00589121795267 1.83336747576 0.00616395932515
1.73673313602 -0.0137108806059 1.74464866115 -0.0146796452901
1.83131635027 0.0120263892013 1.83398471208 0.0103204506013
1.71313369432 -0.0100661820001 1.72374989222 -0.00281417392824
1.81638280079 0.0175984859514 1.83253553543 0.011731092864
1.83370117665 0.0104881289806 1.82591453743 0.00733098560132
1.80719426695 0.000659564533452 1.79240773435 0.00567289398072
1.86966309428 -0.000210521437457 1.87303344331 -0.000884781417337
1.79817869786 0.00248653398734 1.80561967021 0.00552741497607
1.82939057702 -0.00631664047894 1.8273224282 -0.00127435183293
1.89010040848 -0.0103318023957 1.86876378852 -0.00599298411826
1.8647166424 -0.00551943428129 1.8827163191 -0.00245109288246
1.84513461509 -0.00252572370422 1.80534059617 0.00403230279107
1.79905564762 -0.00214455537044 1.78566862986 0.00361905792581
1.80496026057 -0.0132622428104 1.78174595685 -0.00528441165394
1.82478134477 0.00443847661097 1.84193929869 0.000364528216849
1.84450843438 0.00742983382041 1.84713550374 0.0203205530498
1.85084725272 0.00163061639876 1.8328923495 -0.00463858789395
1.87872939913 0.00367667709099 1.88243823364 0.00710395848895
1.80522792713 -0.0184734338145 1.81774935887 -0.013682921254
1.81085398472 -0.0024355174617 1.79738675016 0.000659689796824
1.93698370914 -8.59738147843e-05 1.88420315864 -0.00745339353473
1.89811158835 0.0230394478861 1.85719062689 0.0166092782958
1.89057983055 0.00273952665049 1.89214260425 0.000309111699751
1.77869315815 0.000982302953729 1.80146397637 0.00139430309829
1.90786631674 0.0218112351901 1.89183199444 0.0145100049634
1.82690516376 0.0147996081215 1.837468766 0.0142820646481
1.79699289159 -0.0115813965153 1.78410657068 -0.00853753817616
1.85340093472 -0.00181950212922 1.84721834211 -0.000293329067862
1.8069256662 -0.000850778119008 1.8377920372 -0.00207374498046
1.81363323302 0.0130926956954 1.82179439238 0.00394300145216
1.87998560255 0.000622731709157 1.88225510783 0.00286362227201
1.76539078154 -0.0248227138224 1.77094846531 -0.0129891614385
1.84902635368 -0.00269047314359 1.83654587003 0.0021702324401
1.88601858378 -0.00907793642545 1.87001547236 -0.0114935301707
1.88504717018 0.0185148450064 1.88921498284 0.0140196284937
1.75794582447 0.00802134577946 1.78480193497 0.0128209669577
1.70544878003 0.0129858446707 1.73221287044 0.00724754492012
1.80810043294 -0.0118892387001 1.81613158493 -0.00183130542016
1.89768382736 -0.0195840807587 1.86845071315 -0.0086384253348
1.85640255459 -0.0205041636595 1.86448556357 -0.0140567305461
1.87250688911 0.00951223527305 1.8652794112 0.0124965044007
1.82141611068 0.00327247147601 1.82136951239 0.000953288786936
1.87809096182 0.00290178155702 1.86243754405 0.0100073904225
1.8079140595 0.00146849729508 1.81216986061 -0.00848483200408
1.80598537646 0.00947213621164 1.81355578928 0.00462624097942
1.81965821879 0.00352614010134 1.79375382727 0.00284475459944
1.75312951195 0.0114912513316 1.7736794741 0.00699165311386
1.83185338709 0.00581436307641 1.86115147415 0.000349827470472
1.8305896256 -0.00803646900449 1.84867997856 -0.00124294279304
1.83674669729 -0.0073763122538 1.82048872542 -0.00121978772084
1.79267692957 -0.0123839339909 1.80825140178 -0.0128148536483
1.77216672704 0.0146265653109 1.78414906611 0.0117692716765
1.86629095684 0.00293218378509 1.84075481056 0.0107947965374
1.80358561398 0.0113959177809 1.80165669009 0.00883624998975
1.85226569291 0.0124523864138 1.86160318765 0.000942238853934
1.82579747976 -0.0064009400954 1.80694245245 -0.00315471812603
1.86441362934 -0.00966353884219 1.85490229499 0.000231775658841
1.8934337382 0.00254229154183 1.87895831318 0.00223181420987
1.8573180109 0.0133764052235 1.82932574038 0.00219920688653
1.80271225889 -0.00691895305027 1.79668863632 -0.00794407616076
1.8554257911 0.00634175956353 1.83214177279 0.00306984241277
1.7780877194 -0.00868937282372 1.77065695202 -0.0138306941396
1.77306782799 0.0107823842589 1.77956693567 0.00111375894455
1.82716254619 0.0012661873213 1.82960678176 -0.00752513078012
1.73486350888 0.00299763909367 1.73787495574 -0.00404530410003
1.89737271523 -0.00518353537395 1.88602811841 -0.0054049211844
1.87359335421 -0.0139477484535 1.85845349657 -0.00400777256547
1.86644516628 -0.00133317644417 1.8563630735 0.00627857858054
1.71106903425 -0.00506878110497 1.73026240944 0.00210401027232
1.79136656967 0.00570431043367 1.79994536935 0.003334059341
1.80856110744 -0.0153224797779 1.81373292489 -0.00845342650493
1.86357393148 0.0187159878828 1.86622228985 0.0125646037418
1.81610798069 0.0175659243903 1.80816714977 0.00582544536598
1.88397628685 0.0143335395543 1.85912714763 0.0120228175156
1.79193783305 -0.0266051688812 1.79664504723 -0.0197893971903
1.78388582823 -0.0119866412209 1.77166766037 -0.0110552083926
1.88492737921 -0.0072980136383 1.89536255631 -0.000986607918678
1.80222206836 0.0203857892014 1.7889394048 0.0099744909399
1.90656836644 0.00374023856114 1.88660088806 0.00142703037416
1.80320424452 0.000219140794475 1.82476351976 -0.00341161048515
1.86351263297 -0.00747071360306 1.84941435646 -0.00542196191953
1.82184960872 0.0189652735532 1.80584343924 0.0152544551819
1.86260740011 0.00950935583955 1.8548869755 -0.00454552904201
1.80183317986 0.00405290241711 1.8003179226 -0.00467127635158
1.78292662022 0.0045976084829 1.80208695608 -0.0050588600476
1.82780115099 0.0214187560037 1.84596679294 0.00981934667842
1.85780343645 -0.00185739300126 1.83668532258 -0.0181505358303
1.82749483817 -0.0142931095897 1.82962518958 -0.00736269064733
1.738721823 -0.015645098437 1.75105222209 -0.0186167794955
1.83401219732 -0.00706692505933 1.8200953693 -0.00428470513763
1.83649368998 -0.00635047272969 1.86890119008 -0.00239612597891
1.85869268517 0.0110839997163 1.84470755745 0.0077202020064
1.8307190023 -0.0095219073263 1.82925273029 -0.0148620768254
1.77042714995 -0.0116556277217 1.78019443746 -0.00177596072835
1.78523143996 0.00765532933134 1.80009141152 0.00269242655112
1.76646098243 0.00806932905426 1.77107191407 0.00566590447103
1.7895833386 -0.00689529316891 1.81527195132 -0.00437114525744
1.82083562936 -0.000592066839332 1.80651267191 0.00320480353564
1.76612388176 -0.0121090300128 1.76545186305 -0.00625294171391
1.83271119029 0.000380587168905 1.84266718599 -0.00670673727055
1.79798906961 0.0134778697461 1.8095650769 0.00657252180641
1.72290251537 6.80436674939e-05 1.7390116663 -0.00498312385091
1.8570391534 0.0088870486364 1.84543191384 0.0102558095306
1.83531540868 -0.0106036485764 1.83121360095 -0.0121552883617
1.70182769291 0.00279641186267 1.69710561246 0.00469041378257
1.79725110421 -0.00346851854907 1.81009394194 0.000103398178817
1.81139356777 -0.0125764235284 1.80713582622 -0.00662452648984
1.88498786649 0.0183571157576 1.85125951176 0.0239886247923
1.84211760669 -0.00140097171051 1.85013007085 -0.000949054042225
1.77769134751 -0.0122403251908 1.78585377476 -0.00767498483009
1.79824700546 0.00243059294298 1.80399608491 0.00170082615175
1.80113882834 -0.0272286876771 1.80476005276 -0.0110062634518
1.87324230969 -0.0102906318952 1.85828625484 -0.00776790968027
1.77406608633 -0.00351262350583 1.78942403061 0.00344085617609
1.74015474029 -0.0141709103702 1.73919519668 -0.0070329672094
1.77391563211 -0.00267760346269 1.78119940482 0.00235528801222
1.79171083964 0.0249318653482 1.7977825703 0.0130050102398
1.78597978579 0.000770546873441 1.80253482321 0.00439127877436
1.80610793781 0.00658671868987 1.79116528826 -0.00317604718311
1.75538332077 -0.00664469329426 1.77074155615 -0.00550129599742
1.83801376278 -0.0183070343699 1.83884424024 -0.0232887734842
1.79362039119 0.00285000195592 1.80566258448 0.00469888756381
1.74687199562 0.00287238759738 1.7417892075 0.00329657930377
1.81101899356 -0.00829406272372 1.81566628235 -0.00571291694809
1.8339147549 0.00694199072738 1.85542797068 0.00109196584647
1.86297010093 0.00914719478912 1.85284695084 -0.000788214096156
1.92861624216 0.00091663111127 1.90484101549 0.0116706662353
1.796642216 -0.0065114463393 1.80217883574 -0.00893948078812
1.76543319643 0.00529500797869 1.78293489299 -0.0012107205359
1.78867966839 0.0220078451257 1.78504380649 0.0115470042052
1.81130562744 0.00894542370395 1.79546418622 0.00702947695644
1.86032194288 0.00426408397392 1.85737717321 0.00517879532198
1.88102751247 -0.00350401294098 1.87082812166 -0.0053654129482
1.84611246209 0.00163042701192 1.83006369775 -0.0041332642098
